16 16 16
1.0 1.0 1.0
-64.0 -0.546918160678 -64.0
-64.0 -0.603304981968 -56.0
-64.0 -0.666666666667 -48.0
-64.0 -0.736108555181 -40.0
-64.0 -0.809016994375 -32.0
-64.0 -0.880280964584 -24.0
-64.0 -0.942016250095 -16.0
-64.0 -0.984674101902 -8.0
-64.0 -1.0 0.0
-64.0 -0.984674101902 8.0
-64.0 -0.942016250095 16.0
-64.0 -0.880280964584 24.0
-64.0 -0.809016994375 32.0
-64.0 -0.736108555181 40.0
-64.0 -0.666666666667 48.0
-64.0 -0.603304981968 56.0
-49.0 -0.546918160678 -49.0
-49.0 -0.603304981968 -42.875
-49.0 -0.666666666667 -36.75
-49.0 -0.736108555181 -30.625
-49.0 -0.809016994375 -24.5
-49.0 -0.880280964584 -18.375
-49.0 -0.942016250095 -12.25
-49.0 -0.984674101902 -6.125
-49.0 -1.0 0.0
-49.0 -0.984674101902 6.125
-49.0 -0.942016250095 12.25
-49.0 -0.880280964584 18.375
-49.0 -0.809016994375 24.5
-49.0 -0.736108555181 30.625
-49.0 -0.666666666667 36.75
-49.0 -0.603304981968 42.875
-36.0 -0.546918160678 -36.0
-36.0 -0.603304981968 -31.5
-36.0 -0.666666666667 -27.0
-36.0 -0.736108555181 -22.5
-36.0 -0.809016994375 -18.0
-36.0 -0.880280964584 -13.5
-36.0 -0.942016250095 -9.0
-36.0 -0.984674101902 -4.5
-36.0 -1.0 0.0
-36.0 -0.984674101902 4.5
-36.0 -0.942016250095 9.0
-36.0 -0.880280964584 13.5
-36.0 -0.809016994375 18.0
-36.0 -0.736108555181 22.5
-36.0 -0.666666666667 27.0
-36.0 -0.603304981968 31.5
-25.0 -0.546918160678 -25.0
-25.0 -0.603304981968 -21.875
-25.0 -0.666666666667 -18.75
-25.0 -0.736108555181 -15.625
-25.0 -0.809016994375 -12.5
-25.0 -0.880280964584 -9.375
-25.0 -0.942016250095 -6.25
-25.0 -0.984674101902 -3.125
-25.0 -1.0 0.0
-25.0 -0.984674101902 3.125
-25.0 -0.942016250095 6.25
-25.0 -0.880280964584 9.375
-25.0 -0.809016994375 12.5
-25.0 -0.736108555181 15.625
-25.0 -0.666666666667 18.75
-25.0 -0.603304981968 21.875
-16.0 -0.546918160678 -16.0
-16.0 -0.603304981968 -14.0
-16.0 -0.666666666667 -12.0
-16.0 -0.736108555181 -10.0
-16.0 -0.809016994375 -8.0
-16.0 -0.880280964584 -6.0
-16.0 -0.942016250095 -4.0
-16.0 -0.984674101902 -2.0
-16.0 -1.0 0.0
-16.0 -0.984674101902 2.0
-16.0 -0.942016250095 4.0
-16.0 -0.880280964584 6.0
-16.0 -0.809016994375 8.0
-16.0 -0.736108555181 10.0
-16.0 -0.666666666667 12.0
-16.0 -0.603304981968 14.0
-9.0 -0.546918160678 -9.0
-9.0 -0.603304981968 -7.875
-9.0 -0.666666666667 -6.75
-9.0 -0.736108555181 -5.625
-9.0 -0.809016994375 -4.5
-9.0 -0.880280964584 -3.375
-9.0 -0.942016250095 -2.25
-9.0 -0.984674101902 -1.125
-9.0 -1.0 0.0
-9.0 -0.984674101902 1.125
-9.0 -0.942016250095 2.25
-9.0 -0.880280964584 3.375
-9.0 -0.809016994375 4.5
-9.0 -0.736108555181 5.625
-9.0 -0.666666666667 6.75
-9.0 -0.603304981968 7.875
-4.0 -0.546918160678 -4.0
-4.0 -0.603304981968 -3.5
-4.0 -0.666666666667 -3.0
-4.0 -0.736108555181 -2.5
-4.0 -0.809016994375 -2.0
-4.0 -0.880280964584 -1.5
-4.0 -0.942016250095 -1.0
-4.0 -0.984674101902 -0.5
-4.0 -1.0 0.0
-4.0 -0.984674101902 0.5
-4.0 -0.942016250095 1.0
-4.0 -0.880280964584 1.5
-4.0 -0.809016994375 2.0
-4.0 -0.736108555181 2.5
-4.0 -0.666666666667 3.0
-4.0 -0.603304981968 3.5
-1.0 -0.546918160678 -1.0
-1.0 -0.603304981968 -0.875
-1.0 -0.666666666667 -0.75
-1.0 -0.736108555181 -0.625
-1.0 -0.809016994375 -0.5
-1.0 -0.880280964584 -0.375
-1.0 -0.942016250095 -0.25
-1.0 -0.984674101902 -0.125
-1.0 -1.0 0.0
-1.0 -0.984674101902 0.125
-1.0 -0.942016250095 0.25
-1.0 -0.880280964584 0.375
-1.0 -0.809016994375 0.5
-1.0 -0.736108555181 0.625
-1.0 -0.666666666667 0.75
-1.0 -0.603304981968 0.875
-0.0 -0.546918160678 -0.0
-0.0 -0.603304981968 -0.0
-0.0 -0.666666666667 -0.0
-0.0 -0.736108555181 -0.0
-0.0 -0.809016994375 -0.0
-0.0 -0.880280964584 -0.0
-0.0 -0.942016250095 -0.0
-0.0 -0.984674101902 -0.0
-0.0 -1.0 0.0
-0.0 -0.984674101902 0.0
-0.0 -0.942016250095 0.0
-0.0 -0.880280964584 0.0
-0.0 -0.809016994375 0.0
-0.0 -0.736108555181 0.0
-0.0 -0.666666666667 0.0
-0.0 -0.603304981968 0.0
1.0 -0.546918160678 1.0
1.0 -0.603304981968 0.875
1.0 -0.666666666667 0.75
1.0 -0.736108555181 0.625
1.0 -0.809016994375 0.5
1.0 -0.880280964584 0.375
1.0 -0.942016250095 0.25
1.0 -0.984674101902 0.125
1.0 -1.0 -0.0
1.0 -0.984674101902 -0.125
1.0 -0.942016250095 -0.25
1.0 -0.880280964584 -0.375
1.0 -0.809016994375 -0.5
1.0 -0.736108555181 -0.625
1.0 -0.666666666667 -0.75
1.0 -0.603304981968 -0.875
4.0 -0.546918160678 4.0
4.0 -0.603304981968 3.5
4.0 -0.666666666667 3.0
4.0 -0.736108555181 2.5
4.0 -0.809016994375 2.0
4.0 -0.880280964584 1.5
4.0 -0.942016250095 1.0
4.0 -0.984674101902 0.5
4.0 -1.0 -0.0
4.0 -0.984674101902 -0.5
4.0 -0.942016250095 -1.0
4.0 -0.880280964584 -1.5
4.0 -0.809016994375 -2.0
4.0 -0.736108555181 -2.5
4.0 -0.666666666667 -3.0
4.0 -0.603304981968 -3.5
9.0 -0.546918160678 9.0
9.0 -0.603304981968 7.875
9.0 -0.666666666667 6.75
9.0 -0.736108555181 5.625
9.0 -0.809016994375 4.5
9.0 -0.880280964584 3.375
9.0 -0.942016250095 2.25
9.0 -0.984674101902 1.125
9.0 -1.0 -0.0
9.0 -0.984674101902 -1.125
9.0 -0.942016250095 -2.25
9.0 -0.880280964584 -3.375
9.0 -0.809016994375 -4.5
9.0 -0.736108555181 -5.625
9.0 -0.666666666667 -6.75
9.0 -0.603304981968 -7.875
16.0 -0.546918160678 16.0
16.0 -0.603304981968 14.0
16.0 -0.666666666667 12.0
16.0 -0.736108555181 10.0
16.0 -0.809016994375 8.0
16.0 -0.880280964584 6.0
16.0 -0.942016250095 4.0
16.0 -0.984674101902 2.0
16.0 -1.0 -0.0
16.0 -0.984674101902 -2.0
16.0 -0.942016250095 -4.0
16.0 -0.880280964584 -6.0
16.0 -0.809016994375 -8.0
16.0 -0.736108555181 -10.0
16.0 -0.666666666667 -12.0
16.0 -0.603304981968 -14.0
25.0 -0.546918160678 25.0
25.0 -0.603304981968 21.875
25.0 -0.666666666667 18.75
25.0 -0.736108555181 15.625
25.0 -0.809016994375 12.5
25.0 -0.880280964584 9.375
25.0 -0.942016250095 6.25
25.0 -0.984674101902 3.125
25.0 -1.0 -0.0
25.0 -0.984674101902 -3.125
25.0 -0.942016250095 -6.25
25.0 -0.880280964584 -9.375
25.0 -0.809016994375 -12.5
25.0 -0.736108555181 -15.625
25.0 -0.666666666667 -18.75
25.0 -0.603304981968 -21.875
36.0 -0.546918160678 36.0
36.0 -0.603304981968 31.5
36.0 -0.666666666667 27.0
36.0 -0.736108555181 22.5
36.0 -0.809016994375 18.0
36.0 -0.880280964584 13.5
36.0 -0.942016250095 9.0
36.0 -0.984674101902 4.5
36.0 -1.0 -0.0
36.0 -0.984674101902 -4.5
36.0 -0.942016250095 -9.0
36.0 -0.880280964584 -13.5
36.0 -0.809016994375 -18.0
36.0 -0.736108555181 -22.5
36.0 -0.666666666667 -27.0
36.0 -0.603304981968 -31.5
49.0 -0.546918160678 49.0
49.0 -0.603304981968 42.875
49.0 -0.666666666667 36.75
49.0 -0.736108555181 30.625
49.0 -0.809016994375 24.5
49.0 -0.880280964584 18.375
49.0 -0.942016250095 12.25
49.0 -0.984674101902 6.125
49.0 -1.0 -0.0
49.0 -0.984674101902 -6.125
49.0 -0.942016250095 -12.25
49.0 -0.880280964584 -18.375
49.0 -0.809016994375 -24.5
49.0 -0.736108555181 -30.625
49.0 -0.666666666667 -36.75
49.0 -0.603304981968 -42.875
-56.0 -0.603304981968 -64.0
-56.0 -0.678024143249 -56.0
-56.0 -0.766350403321 -48.0
-56.0 -0.869125880486 -40.0
-56.0 -0.984674101902 -32.0
-56.0 -1.10626410532 -24.0
-56.0 -1.21947133938 -16.0
-56.0 -1.3024785661 -8.0
-56.0 -1.33333333333 0.0
-56.0 -1.3024785661 8.0
-56.0 -1.21947133938 16.0
-56.0 -1.10626410532 24.0
-56.0 -0.984674101902 32.0
-56.0 -0.869125880486 40.0
-56.0 -0.766350403321 48.0
-56.0 -0.678024143249 56.0
-42.875 -0.603304981968 -49.0
-42.875 -0.678024143249 -42.875
-42.875 -0.766350403321 -36.75
-42.875 -0.869125880486 -30.625
-42.875 -0.984674101902 -24.5
-42.875 -1.10626410532 -18.375
-42.875 -1.21947133938 -12.25
-42.875 -1.3024785661 -6.125
-42.875 -1.33333333333 0.0
-42.875 -1.3024785661 6.125
-42.875 -1.21947133938 12.25
-42.875 -1.10626410532 18.375
-42.875 -0.984674101902 24.5
-42.875 -0.869125880486 30.625
-42.875 -0.766350403321 36.75
-42.875 -0.678024143249 42.875
-31.5 -0.603304981968 -36.0
-31.5 -0.678024143249 -31.5
-31.5 -0.766350403321 -27.0
-31.5 -0.869125880486 -22.5
-31.5 -0.984674101902 -18.0
-31.5 -1.10626410532 -13.5
-31.5 -1.21947133938 -9.0
-31.5 -1.3024785661 -4.5
-31.5 -1.33333333333 0.0
-31.5 -1.3024785661 4.5
-31.5 -1.21947133938 9.0
-31.5 -1.10626410532 13.5
-31.5 -0.984674101902 18.0
-31.5 -0.869125880486 22.5
-31.5 -0.766350403321 27.0
-31.5 -0.678024143249 31.5
-21.875 -0.603304981968 -25.0
-21.875 -0.678024143249 -21.875
-21.875 -0.766350403321 -18.75
-21.875 -0.869125880486 -15.625
-21.875 -0.984674101902 -12.5
-21.875 -1.10626410532 -9.375
-21.875 -1.21947133938 -6.25
-21.875 -1.3024785661 -3.125
-21.875 -1.33333333333 0.0
-21.875 -1.3024785661 3.125
-21.875 -1.21947133938 6.25
-21.875 -1.10626410532 9.375
-21.875 -0.984674101902 12.5
-21.875 -0.869125880486 15.625
-21.875 -0.766350403321 18.75
-21.875 -0.678024143249 21.875
-14.0 -0.603304981968 -16.0
-14.0 -0.678024143249 -14.0
-14.0 -0.766350403321 -12.0
-14.0 -0.869125880486 -10.0
-14.0 -0.984674101902 -8.0
-14.0 -1.10626410532 -6.0
-14.0 -1.21947133938 -4.0
-14.0 -1.3024785661 -2.0
-14.0 -1.33333333333 0.0
-14.0 -1.3024785661 2.0
-14.0 -1.21947133938 4.0
-14.0 -1.10626410532 6.0
-14.0 -0.984674101902 8.0
-14.0 -0.869125880486 10.0
-14.0 -0.766350403321 12.0
-14.0 -0.678024143249 14.0
-7.875 -0.603304981968 -9.0
-7.875 -0.678024143249 -7.875
-7.875 -0.766350403321 -6.75
-7.875 -0.869125880486 -5.625
-7.875 -0.984674101902 -4.5
-7.875 -1.10626410532 -3.375
-7.875 -1.21947133938 -2.25
-7.875 -1.3024785661 -1.125
-7.875 -1.33333333333 0.0
-7.875 -1.3024785661 1.125
-7.875 -1.21947133938 2.25
-7.875 -1.10626410532 3.375
-7.875 -0.984674101902 4.5
-7.875 -0.869125880486 5.625
-7.875 -0.766350403321 6.75
-7.875 -0.678024143249 7.875
-3.5 -0.603304981968 -4.0
-3.5 -0.678024143249 -3.5
-3.5 -0.766350403321 -3.0
-3.5 -0.869125880486 -2.5
-3.5 -0.984674101902 -2.0
-3.5 -1.10626410532 -1.5
-3.5 -1.21947133938 -1.0
-3.5 -1.3024785661 -0.5
-3.5 -1.33333333333 0.0
-3.5 -1.3024785661 0.5
-3.5 -1.21947133938 1.0
-3.5 -1.10626410532 1.5
-3.5 -0.984674101902 2.0
-3.5 -0.869125880486 2.5
-3.5 -0.766350403321 3.0
-3.5 -0.678024143249 3.5
-0.875 -0.603304981968 -1.0
-0.875 -0.678024143249 -0.875
-0.875 -0.766350403321 -0.75
-0.875 -0.869125880486 -0.625
-0.875 -0.984674101902 -0.5
-0.875 -1.10626410532 -0.375
-0.875 -1.21947133938 -0.25
-0.875 -1.3024785661 -0.125
-0.875 -1.33333333333 0.0
-0.875 -1.3024785661 0.125
-0.875 -1.21947133938 0.25
-0.875 -1.10626410532 0.375
-0.875 -0.984674101902 0.5
-0.875 -0.869125880486 0.625
-0.875 -0.766350403321 0.75
-0.875 -0.678024143249 0.875
-0.0 -0.603304981968 -0.0
-0.0 -0.678024143249 -0.0
-0.0 -0.766350403321 -0.0
-0.0 -0.869125880486 -0.0
-0.0 -0.984674101902 -0.0
-0.0 -1.10626410532 -0.0
-0.0 -1.21947133938 -0.0
-0.0 -1.3024785661 -0.0
-0.0 -1.33333333333 0.0
-0.0 -1.3024785661 0.0
-0.0 -1.21947133938 0.0
-0.0 -1.10626410532 0.0
-0.0 -0.984674101902 0.0
-0.0 -0.869125880486 0.0
-0.0 -0.766350403321 0.0
-0.0 -0.678024143249 0.0
0.875 -0.603304981968 1.0
0.875 -0.678024143249 0.875
0.875 -0.766350403321 0.75
0.875 -0.869125880486 0.625
0.875 -0.984674101902 0.5
0.875 -1.10626410532 0.375
0.875 -1.21947133938 0.25
0.875 -1.3024785661 0.125
0.875 -1.33333333333 -0.0
0.875 -1.3024785661 -0.125
0.875 -1.21947133938 -0.25
0.875 -1.10626410532 -0.375
0.875 -0.984674101902 -0.5
0.875 -0.869125880486 -0.625
0.875 -0.766350403321 -0.75
0.875 -0.678024143249 -0.875
3.5 -0.603304981968 4.0
3.5 -0.678024143249 3.5
3.5 -0.766350403321 3.0
3.5 -0.869125880486 2.5
3.5 -0.984674101902 2.0
3.5 -1.10626410532 1.5
3.5 -1.21947133938 1.0
3.5 -1.3024785661 0.5
3.5 -1.33333333333 -0.0
3.5 -1.3024785661 -0.5
3.5 -1.21947133938 -1.0
3.5 -1.10626410532 -1.5
3.5 -0.984674101902 -2.0
3.5 -0.869125880486 -2.5
3.5 -0.766350403321 -3.0
3.5 -0.678024143249 -3.5
7.875 -0.603304981968 9.0
7.875 -0.678024143249 7.875
7.875 -0.766350403321 6.75
7.875 -0.869125880486 5.625
7.875 -0.984674101902 4.5
7.875 -1.10626410532 3.375
7.875 -1.21947133938 2.25
7.875 -1.3024785661 1.125
7.875 -1.33333333333 -0.0
7.875 -1.3024785661 -1.125
7.875 -1.21947133938 -2.25
7.875 -1.10626410532 -3.375
7.875 -0.984674101902 -4.5
7.875 -0.869125880486 -5.625
7.875 -0.766350403321 -6.75
7.875 -0.678024143249 -7.875
14.0 -0.603304981968 16.0
14.0 -0.678024143249 14.0
14.0 -0.766350403321 12.0
14.0 -0.869125880486 10.0
14.0 -0.984674101902 8.0
14.0 -1.10626410532 6.0
14.0 -1.21947133938 4.0
14.0 -1.3024785661 2.0
14.0 -1.33333333333 -0.0
14.0 -1.3024785661 -2.0
14.0 -1.21947133938 -4.0
14.0 -1.10626410532 -6.0
14.0 -0.984674101902 -8.0
14.0 -0.869125880486 -10.0
14.0 -0.766350403321 -12.0
14.0 -0.678024143249 -14.0
21.875 -0.603304981968 25.0
21.875 -0.678024143249 21.875
21.875 -0.766350403321 18.75
21.875 -0.869125880486 15.625
21.875 -0.984674101902 12.5
21.875 -1.10626410532 9.375
21.875 -1.21947133938 6.25
21.875 -1.3024785661 3.125
21.875 -1.33333333333 -0.0
21.875 -1.3024785661 -3.125
21.875 -1.21947133938 -6.25
21.875 -1.10626410532 -9.375
21.875 -0.984674101902 -12.5
21.875 -0.869125880486 -15.625
21.875 -0.766350403321 -18.75
21.875 -0.678024143249 -21.875
31.5 -0.603304981968 36.0
31.5 -0.678024143249 31.5
31.5 -0.766350403321 27.0
31.5 -0.869125880486 22.5
31.5 -0.984674101902 18.0
31.5 -1.10626410532 13.5
31.5 -1.21947133938 9.0
31.5 -1.3024785661 4.5
31.5 -1.33333333333 -0.0
31.5 -1.3024785661 -4.5
31.5 -1.21947133938 -9.0
31.5 -1.10626410532 -13.5
31.5 -0.984674101902 -18.0
31.5 -0.869125880486 -22.5
31.5 -0.766350403321 -27.0
31.5 -0.678024143249 -31.5
42.875 -0.603304981968 49.0
42.875 -0.678024143249 42.875
42.875 -0.766350403321 36.75
42.875 -0.869125880486 30.625
42.875 -0.984674101902 24.5
42.875 -1.10626410532 18.375
42.875 -1.21947133938 12.25
42.875 -1.3024785661 6.125
42.875 -1.33333333333 -0.0
42.875 -1.3024785661 -6.125
42.875 -1.21947133938 -12.25
42.875 -1.10626410532 -18.375
42.875 -0.984674101902 -24.5
42.875 -0.869125880486 -30.625
42.875 -0.766350403321 -36.75
42.875 -0.678024143249 -42.875
-48.0 -0.666666666667 -64.0
-48.0 -0.766350403321 -56.0
-48.0 -0.891805812446 -48.0
-48.0 -1.04979997119 -40.0
-48.0 -1.24567806121 -32.0
-48.0 -1.47699364586 -24.0
-48.0 -1.72075922006 -16.0
-48.0 -1.92052619625 -8.0
-48.0 -2.0 0.0
-48.0 -1.92052619625 8.0
-48.0 -1.72075922006 16.0
-48.0 -1.47699364586 24.0
-48.0 -1.24567806121 32.0
-48.0 -1.04979997119 40.0
-48.0 -0.891805812446 48.0
-48.0 -0.766350403321 56.0
-36.75 -0.666666666667 -49.0
-36.75 -0.766350403321 -42.875
-36.75 -0.891805812446 -36.75
-36.75 -1.04979997119 -30.625
-36.75 -1.24567806121 -24.5
-36.75 -1.47699364586 -18.375
-36.75 -1.72075922006 -12.25
-36.75 -1.92052619625 -6.125
-36.75 -2.0 0.0
-36.75 -1.92052619625 6.125
-36.75 -1.72075922006 12.25
-36.75 -1.47699364586 18.375
-36.75 -1.24567806121 24.5
-36.75 -1.04979997119 30.625
-36.75 -0.891805812446 36.75
-36.75 -0.766350403321 42.875
-27.0 -0.666666666667 -36.0
-27.0 -0.766350403321 -31.5
-27.0 -0.891805812446 -27.0
-27.0 -1.04979997119 -22.5
-27.0 -1.24567806121 -18.0
-27.0 -1.47699364586 -13.5
-27.0 -1.72075922006 -9.0
-27.0 -1.92052619625 -4.5
-27.0 -2.0 0.0
-27.0 -1.92052619625 4.5
-27.0 -1.72075922006 9.0
-27.0 -1.47699364586 13.5
-27.0 -1.24567806121 18.0
-27.0 -1.04979997119 22.5
-27.0 -0.891805812446 27.0
-27.0 -0.766350403321 31.5
-18.75 -0.666666666667 -25.0
-18.75 -0.766350403321 -21.875
-18.75 -0.891805812446 -18.75
-18.75 -1.04979997119 -15.625
-18.75 -1.24567806121 -12.5
-18.75 -1.47699364586 -9.375
-18.75 -1.72075922006 -6.25
-18.75 -1.92052619625 -3.125
-18.75 -2.0 0.0
-18.75 -1.92052619625 3.125
-18.75 -1.72075922006 6.25
-18.75 -1.47699364586 9.375
-18.75 -1.24567806121 12.5
-18.75 -1.04979997119 15.625
-18.75 -0.891805812446 18.75
-18.75 -0.766350403321 21.875
-12.0 -0.666666666667 -16.0
-12.0 -0.766350403321 -14.0
-12.0 -0.891805812446 -12.0
-12.0 -1.04979997119 -10.0
-12.0 -1.24567806121 -8.0
-12.0 -1.47699364586 -6.0
-12.0 -1.72075922006 -4.0
-12.0 -1.92052619625 -2.0
-12.0 -2.0 0.0
-12.0 -1.92052619625 2.0
-12.0 -1.72075922006 4.0
-12.0 -1.47699364586 6.0
-12.0 -1.24567806121 8.0
-12.0 -1.04979997119 10.0
-12.0 -0.891805812446 12.0
-12.0 -0.766350403321 14.0
-6.75 -0.666666666667 -9.0
-6.75 -0.766350403321 -7.875
-6.75 -0.891805812446 -6.75
-6.75 -1.04979997119 -5.625
-6.75 -1.24567806121 -4.5
-6.75 -1.47699364586 -3.375
-6.75 -1.72075922006 -2.25
-6.75 -1.92052619625 -1.125
-6.75 -2.0 0.0
-6.75 -1.92052619625 1.125
-6.75 -1.72075922006 2.25
-6.75 -1.47699364586 3.375
-6.75 -1.24567806121 4.5
-6.75 -1.04979997119 5.625
-6.75 -0.891805812446 6.75
-6.75 -0.766350403321 7.875
-3.0 -0.666666666667 -4.0
-3.0 -0.766350403321 -3.5
-3.0 -0.891805812446 -3.0
-3.0 -1.04979997119 -2.5
-3.0 -1.24567806121 -2.0
-3.0 -1.47699364586 -1.5
-3.0 -1.72075922006 -1.0
-3.0 -1.92052619625 -0.5
-3.0 -2.0 0.0
-3.0 -1.92052619625 0.5
-3.0 -1.72075922006 1.0
-3.0 -1.47699364586 1.5
-3.0 -1.24567806121 2.0
-3.0 -1.04979997119 2.5
-3.0 -0.891805812446 3.0
-3.0 -0.766350403321 3.5
-0.75 -0.666666666667 -1.0
-0.75 -0.766350403321 -0.875
-0.75 -0.891805812446 -0.75
-0.75 -1.04979997119 -0.625
-0.75 -1.24567806121 -0.5
-0.75 -1.47699364586 -0.375
-0.75 -1.72075922006 -0.25
-0.75 -1.92052619625 -0.125
-0.75 -2.0 0.0
-0.75 -1.92052619625 0.125
-0.75 -1.72075922006 0.25
-0.75 -1.47699364586 0.375
-0.75 -1.24567806121 0.5
-0.75 -1.04979997119 0.625
-0.75 -0.891805812446 0.75
-0.75 -0.766350403321 0.875
-0.0 -0.666666666667 -0.0
-0.0 -0.766350403321 -0.0
-0.0 -0.891805812446 -0.0
-0.0 -1.04979997119 -0.0
-0.0 -1.24567806121 -0.0
-0.0 -1.47699364586 -0.0
-0.0 -1.72075922006 -0.0
-0.0 -1.92052619625 -0.0
-0.0 -2.0 0.0
-0.0 -1.92052619625 0.0
-0.0 -1.72075922006 0.0
-0.0 -1.47699364586 0.0
-0.0 -1.24567806121 0.0
-0.0 -1.04979997119 0.0
-0.0 -0.891805812446 0.0
-0.0 -0.766350403321 0.0
0.75 -0.666666666667 1.0
0.75 -0.766350403321 0.875
0.75 -0.891805812446 0.75
0.75 -1.04979997119 0.625
0.75 -1.24567806121 0.5
0.75 -1.47699364586 0.375
0.75 -1.72075922006 0.25
0.75 -1.92052619625 0.125
0.75 -2.0 -0.0
0.75 -1.92052619625 -0.125
0.75 -1.72075922006 -0.25
0.75 -1.47699364586 -0.375
0.75 -1.24567806121 -0.5
0.75 -1.04979997119 -0.625
0.75 -0.891805812446 -0.75
0.75 -0.766350403321 -0.875
3.0 -0.666666666667 4.0
3.0 -0.766350403321 3.5
3.0 -0.891805812446 3.0
3.0 -1.04979997119 2.5
3.0 -1.24567806121 2.0
3.0 -1.47699364586 1.5
3.0 -1.72075922006 1.0
3.0 -1.92052619625 0.5
3.0 -2.0 -0.0
3.0 -1.92052619625 -0.5
3.0 -1.72075922006 -1.0
3.0 -1.47699364586 -1.5
3.0 -1.24567806121 -2.0
3.0 -1.04979997119 -2.5
3.0 -0.891805812446 -3.0
3.0 -0.766350403321 -3.5
6.75 -0.666666666667 9.0
6.75 -0.766350403321 7.875
6.75 -0.891805812446 6.75
6.75 -1.04979997119 5.625
6.75 -1.24567806121 4.5
6.75 -1.47699364586 3.375
6.75 -1.72075922006 2.25
6.75 -1.92052619625 1.125
6.75 -2.0 -0.0
6.75 -1.92052619625 -1.125
6.75 -1.72075922006 -2.25
6.75 -1.47699364586 -3.375
6.75 -1.24567806121 -4.5
6.75 -1.04979997119 -5.625
6.75 -0.891805812446 -6.75
6.75 -0.766350403321 -7.875
12.0 -0.666666666667 16.0
12.0 -0.766350403321 14.0
12.0 -0.891805812446 12.0
12.0 -1.04979997119 10.0
12.0 -1.24567806121 8.0
12.0 -1.47699364586 6.0
12.0 -1.72075922006 4.0
12.0 -1.92052619625 2.0
12.0 -2.0 -0.0
12.0 -1.92052619625 -2.0
12.0 -1.72075922006 -4.0
12.0 -1.47699364586 -6.0
12.0 -1.24567806121 -8.0
12.0 -1.04979997119 -10.0
12.0 -0.891805812446 -12.0
12.0 -0.766350403321 -14.0
18.75 -0.666666666667 25.0
18.75 -0.766350403321 21.875
18.75 -0.891805812446 18.75
18.75 -1.04979997119 15.625
18.75 -1.24567806121 12.5
18.75 -1.47699364586 9.375
18.75 -1.72075922006 6.25
18.75 -1.92052619625 3.125
18.75 -2.0 -0.0
18.75 -1.92052619625 -3.125
18.75 -1.72075922006 -6.25
18.75 -1.47699364586 -9.375
18.75 -1.24567806121 -12.5
18.75 -1.04979997119 -15.625
18.75 -0.891805812446 -18.75
18.75 -0.766350403321 -21.875
27.0 -0.666666666667 36.0
27.0 -0.766350403321 31.5
27.0 -0.891805812446 27.0
27.0 -1.04979997119 22.5
27.0 -1.24567806121 18.0
27.0 -1.47699364586 13.5
27.0 -1.72075922006 9.0
27.0 -1.92052619625 4.5
27.0 -2.0 -0.0
27.0 -1.92052619625 -4.5
27.0 -1.72075922006 -9.0
27.0 -1.47699364586 -13.5
27.0 -1.24567806121 -18.0
27.0 -1.04979997119 -22.5
27.0 -0.891805812446 -27.0
27.0 -0.766350403321 -31.5
36.75 -0.666666666667 49.0
36.75 -0.766350403321 42.875
36.75 -0.891805812446 36.75
36.75 -1.04979997119 30.625
36.75 -1.24567806121 24.5
36.75 -1.47699364586 18.375
36.75 -1.72075922006 12.25
36.75 -1.92052619625 6.125
36.75 -2.0 -0.0
36.75 -1.92052619625 -6.125
36.75 -1.72075922006 -12.25
36.75 -1.47699364586 -18.375
36.75 -1.24567806121 -24.5
36.75 -1.04979997119 -30.625
36.75 -0.891805812446 -36.75
36.75 -0.766350403321 -42.875
-40.0 -0.736108555181 -64.0
-40.0 -0.869125880486 -56.0
-40.0 -1.04979997119 -48.0
-40.0 -1.3024785661 -40.0
-40.0 -1.66449987799 -32.0
-40.0 -2.18465597663 -24.0
-40.0 -2.88774301758 -16.0
-40.0 -3.63960780544 -8.0
-40.0 -4.0 0.0
-40.0 -3.63960780544 8.0
-40.0 -2.88774301758 16.0
-40.0 -2.18465597663 24.0
-40.0 -1.66449987799 32.0
-40.0 -1.3024785661 40.0
-40.0 -1.04979997119 48.0
-40.0 -0.869125880486 56.0
-30.625 -0.736108555181 -49.0
-30.625 -0.869125880486 -42.875
-30.625 -1.04979997119 -36.75
-30.625 -1.3024785661 -30.625
-30.625 -1.66449987799 -24.5
-30.625 -2.18465597663 -18.375
-30.625 -2.88774301758 -12.25
-30.625 -3.63960780544 -6.125
-30.625 -4.0 0.0
-30.625 -3.63960780544 6.125
-30.625 -2.88774301758 12.25
-30.625 -2.18465597663 18.375
-30.625 -1.66449987799 24.5
-30.625 -1.3024785661 30.625
-30.625 -1.04979997119 36.75
-30.625 -0.869125880486 42.875
-22.5 -0.736108555181 -36.0
-22.5 -0.869125880486 -31.5
-22.5 -1.04979997119 -27.0
-22.5 -1.3024785661 -22.5
-22.5 -1.66449987799 -18.0
-22.5 -2.18465597663 -13.5
-22.5 -2.88774301758 -9.0
-22.5 -3.63960780544 -4.5
-22.5 -4.0 0.0
-22.5 -3.63960780544 4.5
-22.5 -2.88774301758 9.0
-22.5 -2.18465597663 13.5
-22.5 -1.66449987799 18.0
-22.5 -1.3024785661 22.5
-22.5 -1.04979997119 27.0
-22.5 -0.869125880486 31.5
-15.625 -0.736108555181 -25.0
-15.625 -0.869125880486 -21.875
-15.625 -1.04979997119 -18.75
-15.625 -1.3024785661 -15.625
-15.625 -1.66449987799 -12.5
-15.625 -2.18465597663 -9.375
-15.625 -2.88774301758 -6.25
-15.625 -3.63960780544 -3.125
-15.625 -4.0 0.0
-15.625 -3.63960780544 3.125
-15.625 -2.88774301758 6.25
-15.625 -2.18465597663 9.375
-15.625 -1.66449987799 12.5
-15.625 -1.3024785661 15.625
-15.625 -1.04979997119 18.75
-15.625 -0.869125880486 21.875
-10.0 -0.736108555181 -16.0
-10.0 -0.869125880486 -14.0
-10.0 -1.04979997119 -12.0
-10.0 -1.3024785661 -10.0
-10.0 -1.66449987799 -8.0
-10.0 -2.18465597663 -6.0
-10.0 -2.88774301758 -4.0
-10.0 -3.63960780544 -2.0
-10.0 -4.0 0.0
-10.0 -3.63960780544 2.0
-10.0 -2.88774301758 4.0
-10.0 -2.18465597663 6.0
-10.0 -1.66449987799 8.0
-10.0 -1.3024785661 10.0
-10.0 -1.04979997119 12.0
-10.0 -0.869125880486 14.0
-5.625 -0.736108555181 -9.0
-5.625 -0.869125880486 -7.875
-5.625 -1.04979997119 -6.75
-5.625 -1.3024785661 -5.625
-5.625 -1.66449987799 -4.5
-5.625 -2.18465597663 -3.375
-5.625 -2.88774301758 -2.25
-5.625 -3.63960780544 -1.125
-5.625 -4.0 0.0
-5.625 -3.63960780544 1.125
-5.625 -2.88774301758 2.25
-5.625 -2.18465597663 3.375
-5.625 -1.66449987799 4.5
-5.625 -1.3024785661 5.625
-5.625 -1.04979997119 6.75
-5.625 -0.869125880486 7.875
-2.5 -0.736108555181 -4.0
-2.5 -0.869125880486 -3.5
-2.5 -1.04979997119 -3.0
-2.5 -1.3024785661 -2.5
-2.5 -1.66449987799 -2.0
-2.5 -2.18465597663 -1.5
-2.5 -2.88774301758 -1.0
-2.5 -3.63960780544 -0.5
-2.5 -4.0 0.0
-2.5 -3.63960780544 0.5
-2.5 -2.88774301758 1.0
-2.5 -2.18465597663 1.5
-2.5 -1.66449987799 2.0
-2.5 -1.3024785661 2.5
-2.5 -1.04979997119 3.0
-2.5 -0.869125880486 3.5
-0.625 -0.736108555181 -1.0
-0.625 -0.869125880486 -0.875
-0.625 -1.04979997119 -0.75
-0.625 -1.3024785661 -0.625
-0.625 -1.66449987799 -0.5
-0.625 -2.18465597663 -0.375
-0.625 -2.88774301758 -0.25
-0.625 -3.63960780544 -0.125
-0.625 -4.0 0.0
-0.625 -3.63960780544 0.125
-0.625 -2.88774301758 0.25
-0.625 -2.18465597663 0.375
-0.625 -1.66449987799 0.5
-0.625 -1.3024785661 0.625
-0.625 -1.04979997119 0.75
-0.625 -0.869125880486 0.875
-0.0 -0.736108555181 -0.0
-0.0 -0.869125880486 -0.0
-0.0 -1.04979997119 -0.0
-0.0 -1.3024785661 -0.0
-0.0 -1.66449987799 -0.0
-0.0 -2.18465597663 -0.0
-0.0 -2.88774301758 -0.0
-0.0 -3.63960780544 -0.0
-0.0 -4.0 0.0
-0.0 -3.63960780544 0.0
-0.0 -2.88774301758 0.0
-0.0 -2.18465597663 0.0
-0.0 -1.66449987799 0.0
-0.0 -1.3024785661 0.0
-0.0 -1.04979997119 0.0
-0.0 -0.869125880486 0.0
0.625 -0.736108555181 1.0
0.625 -0.869125880486 0.875
0.625 -1.04979997119 0.75
0.625 -1.3024785661 0.625
0.625 -1.66449987799 0.5
0.625 -2.18465597663 0.375
0.625 -2.88774301758 0.25
0.625 -3.63960780544 0.125
0.625 -4.0 -0.0
0.625 -3.63960780544 -0.125
0.625 -2.88774301758 -0.25
0.625 -2.18465597663 -0.375
0.625 -1.66449987799 -0.5
0.625 -1.3024785661 -0.625
0.625 -1.04979997119 -0.75
0.625 -0.869125880486 -0.875
2.5 -0.736108555181 4.0
2.5 -0.869125880486 3.5
2.5 -1.04979997119 3.0
2.5 -1.3024785661 2.5
2.5 -1.66449987799 2.0
2.5 -2.18465597663 1.5
2.5 -2.88774301758 1.0
2.5 -3.63960780544 0.5
2.5 -4.0 -0.0
2.5 -3.63960780544 -0.5
2.5 -2.88774301758 -1.0
2.5 -2.18465597663 -1.5
2.5 -1.66449987799 -2.0
2.5 -1.3024785661 -2.5
2.5 -1.04979997119 -3.0
2.5 -0.869125880486 -3.5
5.625 -0.736108555181 9.0
5.625 -0.869125880486 7.875
5.625 -1.04979997119 6.75
5.625 -1.3024785661 5.625
5.625 -1.66449987799 4.5
5.625 -2.18465597663 3.375
5.625 -2.88774301758 2.25
5.625 -3.63960780544 1.125
5.625 -4.0 -0.0
5.625 -3.63960780544 -1.125
5.625 -2.88774301758 -2.25
5.625 -2.18465597663 -3.375
5.625 -1.66449987799 -4.5
5.625 -1.3024785661 -5.625
5.625 -1.04979997119 -6.75
5.625 -0.869125880486 -7.875
10.0 -0.736108555181 16.0
10.0 -0.869125880486 14.0
10.0 -1.04979997119 12.0
10.0 -1.3024785661 10.0
10.0 -1.66449987799 8.0
10.0 -2.18465597663 6.0
10.0 -2.88774301758 4.0
10.0 -3.63960780544 2.0
10.0 -4.0 -0.0
10.0 -3.63960780544 -2.0
10.0 -2.88774301758 -4.0
10.0 -2.18465597663 -6.0
10.0 -1.66449987799 -8.0
10.0 -1.3024785661 -10.0
10.0 -1.04979997119 -12.0
10.0 -0.869125880486 -14.0
15.625 -0.736108555181 25.0
15.625 -0.869125880486 21.875
15.625 -1.04979997119 18.75
15.625 -1.3024785661 15.625
15.625 -1.66449987799 12.5
15.625 -2.18465597663 9.375
15.625 -2.88774301758 6.25
15.625 -3.63960780544 3.125
15.625 -4.0 -0.0
15.625 -3.63960780544 -3.125
15.625 -2.88774301758 -6.25
15.625 -2.18465597663 -9.375
15.625 -1.66449987799 -12.5
15.625 -1.3024785661 -15.625
15.625 -1.04979997119 -18.75
15.625 -0.869125880486 -21.875
22.5 -0.736108555181 36.0
22.5 -0.869125880486 31.5
22.5 -1.04979997119 27.0
22.5 -1.3024785661 22.5
22.5 -1.66449987799 18.0
22.5 -2.18465597663 13.5
22.5 -2.88774301758 9.0
22.5 -3.63960780544 4.5
22.5 -4.0 -0.0
22.5 -3.63960780544 -4.5
22.5 -2.88774301758 -9.0
22.5 -2.18465597663 -13.5
22.5 -1.66449987799 -18.0
22.5 -1.3024785661 -22.5
22.5 -1.04979997119 -27.0
22.5 -0.869125880486 -31.5
30.625 -0.736108555181 49.0
30.625 -0.869125880486 42.875
30.625 -1.04979997119 36.75
30.625 -1.3024785661 30.625
30.625 -1.66449987799 24.5
30.625 -2.18465597663 18.375
30.625 -2.88774301758 12.25
30.625 -3.63960780544 6.125
30.625 -4.0 -0.0
30.625 -3.63960780544 -6.125
30.625 -2.88774301758 -12.25
30.625 -2.18465597663 -18.375
30.625 -1.66449987799 -24.5
30.625 -1.3024785661 -30.625
30.625 -1.04979997119 -36.75
30.625 -0.869125880486 -42.875
-32.0 -0.809016994375 -64.0
-32.0 -0.984674101902 -56.0
-32.0 -1.24567806121 -48.0
-32.0 -1.66449987799 -40.0
-32.0 -2.41421356237 -32.0
-32.0 -4.0 -24.0
-32.0 -8.472135955 -16.0
-32.0 -32.4924225025 -8.0
-32.0 0.25 0.0
-32.0 -32.4924225025 8.0
-32.0 -8.472135955 16.0
-32.0 -4.0 24.0
-32.0 -2.41421356237 32.0
-32.0 -1.66449987799 40.0
-32.0 -1.24567806121 48.0
-32.0 -0.984674101902 56.0
-24.5 -0.809016994375 -49.0
-24.5 -0.984674101902 -42.875
-24.5 -1.24567806121 -36.75
-24.5 -1.66449987799 -30.625
-24.5 -2.41421356237 -24.5
-24.5 -4.0 -18.375
-24.5 -8.472135955 -12.25
-24.5 -32.4924225025 -6.125
-24.5 0.25 0.0
-24.5 -32.4924225025 6.125
-24.5 -8.472135955 12.25
-24.5 -4.0 18.375
-24.5 -2.41421356237 24.5
-24.5 -1.66449987799 30.625
-24.5 -1.24567806121 36.75
-24.5 -0.984674101902 42.875
-18.0 -0.809016994375 -36.0
-18.0 -0.984674101902 -31.5
-18.0 -1.24567806121 -27.0
-18.0 -1.66449987799 -22.5
-18.0 -2.41421356237 -18.0
-18.0 -4.0 -13.5
-18.0 -8.472135955 -9.0
-18.0 -32.4924225025 -4.5
-18.0 0.25 0.0
-18.0 -32.4924225025 4.5
-18.0 -8.472135955 9.0
-18.0 -4.0 13.5
-18.0 -2.41421356237 18.0
-18.0 -1.66449987799 22.5
-18.0 -1.24567806121 27.0
-18.0 -0.984674101902 31.5
-12.5 -0.809016994375 -25.0
-12.5 -0.984674101902 -21.875
-12.5 -1.24567806121 -18.75
-12.5 -1.66449987799 -15.625
-12.5 -2.41421356237 -12.5
-12.5 -4.0 -9.375
-12.5 -8.472135955 -6.25
-12.5 -32.4924225025 -3.125
-12.5 0.25 0.0
-12.5 -32.4924225025 3.125
-12.5 -8.472135955 6.25
-12.5 -4.0 9.375
-12.5 -2.41421356237 12.5
-12.5 -1.66449987799 15.625
-12.5 -1.24567806121 18.75
-12.5 -0.984674101902 21.875
-8.0 -0.809016994375 -16.0
-8.0 -0.984674101902 -14.0
-8.0 -1.24567806121 -12.0
-8.0 -1.66449987799 -10.0
-8.0 -2.41421356237 -8.0
-8.0 -4.0 -6.0
-8.0 -8.472135955 -4.0
-8.0 -32.4924225025 -2.0
-8.0 0.25 0.0
-8.0 -32.4924225025 2.0
-8.0 -8.472135955 4.0
-8.0 -4.0 6.0
-8.0 -2.41421356237 8.0
-8.0 -1.66449987799 10.0
-8.0 -1.24567806121 12.0
-8.0 -0.984674101902 14.0
-4.5 -0.809016994375 -9.0
-4.5 -0.984674101902 -7.875
-4.5 -1.24567806121 -6.75
-4.5 -1.66449987799 -5.625
-4.5 -2.41421356237 -4.5
-4.5 -4.0 -3.375
-4.5 -8.472135955 -2.25
-4.5 -32.4924225025 -1.125
-4.5 0.25 0.0
-4.5 -32.4924225025 1.125
-4.5 -8.472135955 2.25
-4.5 -4.0 3.375
-4.5 -2.41421356237 4.5
-4.5 -1.66449987799 5.625
-4.5 -1.24567806121 6.75
-4.5 -0.984674101902 7.875
-2.0 -0.809016994375 -4.0
-2.0 -0.984674101902 -3.5
-2.0 -1.24567806121 -3.0
-2.0 -1.66449987799 -2.5
-2.0 -2.41421356237 -2.0
-2.0 -4.0 -1.5
-2.0 -8.472135955 -1.0
-2.0 -32.4924225025 -0.5
-2.0 0.25 0.0
-2.0 -32.4924225025 0.5
-2.0 -8.472135955 1.0
-2.0 -4.0 1.5
-2.0 -2.41421356237 2.0
-2.0 -1.66449987799 2.5
-2.0 -1.24567806121 3.0
-2.0 -0.984674101902 3.5
-0.5 -0.809016994375 -1.0
-0.5 -0.984674101902 -0.875
-0.5 -1.24567806121 -0.75
-0.5 -1.66449987799 -0.625
-0.5 -2.41421356237 -0.5
-0.5 -4.0 -0.375
-0.5 -8.472135955 -0.25
-0.5 -32.4924225025 -0.125
-0.5 0.25 0.0
-0.5 -32.4924225025 0.125
-0.5 -8.472135955 0.25
-0.5 -4.0 0.375
-0.5 -2.41421356237 0.5
-0.5 -1.66449987799 0.625
-0.5 -1.24567806121 0.75
-0.5 -0.984674101902 0.875
-0.0 -0.809016994375 -0.0
-0.0 -0.984674101902 -0.0
-0.0 -1.24567806121 -0.0
-0.0 -1.66449987799 -0.0
-0.0 -2.41421356237 -0.0
-0.0 -4.0 -0.0
-0.0 -8.472135955 -0.0
-0.0 -32.4924225025 -0.0
-0.0 0.25 0.0
-0.0 -32.4924225025 0.0
-0.0 -8.472135955 0.0
-0.0 -4.0 0.0
-0.0 -2.41421356237 0.0
-0.0 -1.66449987799 0.0
-0.0 -1.24567806121 0.0
-0.0 -0.984674101902 0.0
0.5 -0.809016994375 1.0
0.5 -0.984674101902 0.875
0.5 -1.24567806121 0.75
0.5 -1.66449987799 0.625
0.5 -2.41421356237 0.5
0.5 -4.0 0.375
0.5 -8.472135955 0.25
0.5 -32.4924225025 0.125
0.5 0.25 -0.0
0.5 -32.4924225025 -0.125
0.5 -8.472135955 -0.25
0.5 -4.0 -0.375
0.5 -2.41421356237 -0.5
0.5 -1.66449987799 -0.625
0.5 -1.24567806121 -0.75
0.5 -0.984674101902 -0.875
2.0 -0.809016994375 4.0
2.0 -0.984674101902 3.5
2.0 -1.24567806121 3.0
2.0 -1.66449987799 2.5
2.0 -2.41421356237 2.0
2.0 -4.0 1.5
2.0 -8.472135955 1.0
2.0 -32.4924225025 0.5
2.0 0.25 -0.0
2.0 -32.4924225025 -0.5
2.0 -8.472135955 -1.0
2.0 -4.0 -1.5
2.0 -2.41421356237 -2.0
2.0 -1.66449987799 -2.5
2.0 -1.24567806121 -3.0
2.0 -0.984674101902 -3.5
4.5 -0.809016994375 9.0
4.5 -0.984674101902 7.875
4.5 -1.24567806121 6.75
4.5 -1.66449987799 5.625
4.5 -2.41421356237 4.5
4.5 -4.0 3.375
4.5 -8.472135955 2.25
4.5 -32.4924225025 1.125
4.5 0.25 -0.0
4.5 -32.4924225025 -1.125
4.5 -8.472135955 -2.25
4.5 -4.0 -3.375
4.5 -2.41421356237 -4.5
4.5 -1.66449987799 -5.625
4.5 -1.24567806121 -6.75
4.5 -0.984674101902 -7.875
8.0 -0.809016994375 16.0
8.0 -0.984674101902 14.0
8.0 -1.24567806121 12.0
8.0 -1.66449987799 10.0
8.0 -2.41421356237 8.0
8.0 -4.0 6.0
8.0 -8.472135955 4.0
8.0 -32.4924225025 2.0
8.0 0.25 -0.0
8.0 -32.4924225025 -2.0
8.0 -8.472135955 -4.0
8.0 -4.0 -6.0
8.0 -2.41421356237 -8.0
8.0 -1.66449987799 -10.0
8.0 -1.24567806121 -12.0
8.0 -0.984674101902 -14.0
12.5 -0.809016994375 25.0
12.5 -0.984674101902 21.875
12.5 -1.24567806121 18.75
12.5 -1.66449987799 15.625
12.5 -2.41421356237 12.5
12.5 -4.0 9.375
12.5 -8.472135955 6.25
12.5 -32.4924225025 3.125
12.5 0.25 -0.0
12.5 -32.4924225025 -3.125
12.5 -8.472135955 -6.25
12.5 -4.0 -9.375
12.5 -2.41421356237 -12.5
12.5 -1.66449987799 -15.625
12.5 -1.24567806121 -18.75
12.5 -0.984674101902 -21.875
18.0 -0.809016994375 36.0
18.0 -0.984674101902 31.5
18.0 -1.24567806121 27.0
18.0 -1.66449987799 22.5
18.0 -2.41421356237 18.0
18.0 -4.0 13.5
18.0 -8.472135955 9.0
18.0 -32.4924225025 4.5
18.0 0.25 -0.0
18.0 -32.4924225025 -4.5
18.0 -8.472135955 -9.0
18.0 -4.0 -13.5
18.0 -2.41421356237 -18.0
18.0 -1.66449987799 -22.5
18.0 -1.24567806121 -27.0
18.0 -0.984674101902 -31.5
24.5 -0.809016994375 49.0
24.5 -0.984674101902 42.875
24.5 -1.24567806121 36.75
24.5 -1.66449987799 30.625
24.5 -2.41421356237 24.5
24.5 -4.0 18.375
24.5 -8.472135955 12.25
24.5 -32.4924225025 6.125
24.5 0.25 -0.0
24.5 -32.4924225025 -6.125
24.5 -8.472135955 -12.25
24.5 -4.0 -18.375
24.5 -2.41421356237 -24.5
24.5 -1.66449987799 -30.625
24.5 -1.24567806121 -36.75
24.5 -0.984674101902 -42.875
-24.0 -0.880280964584 -64.0
-24.0 -1.10626410532 -56.0
-24.0 -1.47699364586 -48.0
-24.0 -2.18465597663 -40.0
-24.0 -4.0 -32.0
-24.0 -16.4852813742 -24.0
-24.0 0.307692307692 -16.0
-24.0 0.4 -8.0
-24.0 0.444444444444 0.0
-24.0 0.4 8.0
-24.0 0.307692307692 16.0
-24.0 -16.4852813742 24.0
-24.0 -4.0 32.0
-24.0 -2.18465597663 40.0
-24.0 -1.47699364586 48.0
-24.0 -1.10626410532 56.0
-18.375 -0.880280964584 -49.0
-18.375 -1.10626410532 -42.875
-18.375 -1.47699364586 -36.75
-18.375 -2.18465597663 -30.625
-18.375 -4.0 -24.5
-18.375 -16.4852813742 -18.375
-18.375 0.307692307692 -12.25
-18.375 0.4 -6.125
-18.375 0.444444444444 0.0
-18.375 0.4 6.125
-18.375 0.307692307692 12.25
-18.375 -16.4852813742 18.375
-18.375 -4.0 24.5
-18.375 -2.18465597663 30.625
-18.375 -1.47699364586 36.75
-18.375 -1.10626410532 42.875
-13.5 -0.880280964584 -36.0
-13.5 -1.10626410532 -31.5
-13.5 -1.47699364586 -27.0
-13.5 -2.18465597663 -22.5
-13.5 -4.0 -18.0
-13.5 -16.4852813742 -13.5
-13.5 0.307692307692 -9.0
-13.5 0.4 -4.5
-13.5 0.444444444444 0.0
-13.5 0.4 4.5
-13.5 0.307692307692 9.0
-13.5 -16.4852813742 13.5
-13.5 -4.0 18.0
-13.5 -2.18465597663 22.5
-13.5 -1.47699364586 27.0
-13.5 -1.10626410532 31.5
-9.375 -0.880280964584 -25.0
-9.375 -1.10626410532 -21.875
-9.375 -1.47699364586 -18.75
-9.375 -2.18465597663 -15.625
-9.375 -4.0 -12.5
-9.375 -16.4852813742 -9.375
-9.375 0.307692307692 -6.25
-9.375 0.4 -3.125
-9.375 0.444444444444 0.0
-9.375 0.4 3.125
-9.375 0.307692307692 6.25
-9.375 -16.4852813742 9.375
-9.375 -4.0 12.5
-9.375 -2.18465597663 15.625
-9.375 -1.47699364586 18.75
-9.375 -1.10626410532 21.875
-6.0 -0.880280964584 -16.0
-6.0 -1.10626410532 -14.0
-6.0 -1.47699364586 -12.0
-6.0 -2.18465597663 -10.0
-6.0 -4.0 -8.0
-6.0 -16.4852813742 -6.0
-6.0 0.307692307692 -4.0
-6.0 0.4 -2.0
-6.0 0.444444444444 0.0
-6.0 0.4 2.0
-6.0 0.307692307692 4.0
-6.0 -16.4852813742 6.0
-6.0 -4.0 8.0
-6.0 -2.18465597663 10.0
-6.0 -1.47699364586 12.0
-6.0 -1.10626410532 14.0
-3.375 -0.880280964584 -9.0
-3.375 -1.10626410532 -7.875
-3.375 -1.47699364586 -6.75
-3.375 -2.18465597663 -5.625
-3.375 -4.0 -4.5
-3.375 -16.4852813742 -3.375
-3.375 0.307692307692 -2.25
-3.375 0.4 -1.125
-3.375 0.444444444444 0.0
-3.375 0.4 1.125
-3.375 0.307692307692 2.25
-3.375 -16.4852813742 3.375
-3.375 -4.0 4.5
-3.375 -2.18465597663 5.625
-3.375 -1.47699364586 6.75
-3.375 -1.10626410532 7.875
-1.5 -0.880280964584 -4.0
-1.5 -1.10626410532 -3.5
-1.5 -1.47699364586 -3.0
-1.5 -2.18465597663 -2.5
-1.5 -4.0 -2.0
-1.5 -16.4852813742 -1.5
-1.5 0.307692307692 -1.0
-1.5 0.4 -0.5
-1.5 0.444444444444 0.0
-1.5 0.4 0.5
-1.5 0.307692307692 1.0
-1.5 -16.4852813742 1.5
-1.5 -4.0 2.0
-1.5 -2.18465597663 2.5
-1.5 -1.47699364586 3.0
-1.5 -1.10626410532 3.5
-0.375 -0.880280964584 -1.0
-0.375 -1.10626410532 -0.875
-0.375 -1.47699364586 -0.75
-0.375 -2.18465597663 -0.625
-0.375 -4.0 -0.5
-0.375 -16.4852813742 -0.375
-0.375 0.307692307692 -0.25
-0.375 0.4 -0.125
-0.375 0.444444444444 0.0
-0.375 0.4 0.125
-0.375 0.307692307692 0.25
-0.375 -16.4852813742 0.375
-0.375 -4.0 0.5
-0.375 -2.18465597663 0.625
-0.375 -1.47699364586 0.75
-0.375 -1.10626410532 0.875
-0.0 -0.880280964584 -0.0
-0.0 -1.10626410532 -0.0
-0.0 -1.47699364586 -0.0
-0.0 -2.18465597663 -0.0
-0.0 -4.0 -0.0
-0.0 -16.4852813742 -0.0
-0.0 0.307692307692 -0.0
-0.0 0.4 -0.0
-0.0 0.444444444444 0.0
-0.0 0.4 0.0
-0.0 0.307692307692 0.0
-0.0 -16.4852813742 0.0
-0.0 -4.0 0.0
-0.0 -2.18465597663 0.0
-0.0 -1.47699364586 0.0
-0.0 -1.10626410532 0.0
0.375 -0.880280964584 1.0
0.375 -1.10626410532 0.875
0.375 -1.47699364586 0.75
0.375 -2.18465597663 0.625
0.375 -4.0 0.5
0.375 -16.4852813742 0.375
0.375 0.307692307692 0.25
0.375 0.4 0.125
0.375 0.444444444444 -0.0
0.375 0.4 -0.125
0.375 0.307692307692 -0.25
0.375 -16.4852813742 -0.375
0.375 -4.0 -0.5
0.375 -2.18465597663 -0.625
0.375 -1.47699364586 -0.75
0.375 -1.10626410532 -0.875
1.5 -0.880280964584 4.0
1.5 -1.10626410532 3.5
1.5 -1.47699364586 3.0
1.5 -2.18465597663 2.5
1.5 -4.0 2.0
1.5 -16.4852813742 1.5
1.5 0.307692307692 1.0
1.5 0.4 0.5
1.5 0.444444444444 -0.0
1.5 0.4 -0.5
1.5 0.307692307692 -1.0
1.5 -16.4852813742 -1.5
1.5 -4.0 -2.0
1.5 -2.18465597663 -2.5
1.5 -1.47699364586 -3.0
1.5 -1.10626410532 -3.5
3.375 -0.880280964584 9.0
3.375 -1.10626410532 7.875
3.375 -1.47699364586 6.75
3.375 -2.18465597663 5.625
3.375 -4.0 4.5
3.375 -16.4852813742 3.375
3.375 0.307692307692 2.25
3.375 0.4 1.125
3.375 0.444444444444 -0.0
3.375 0.4 -1.125
3.375 0.307692307692 -2.25
3.375 -16.4852813742 -3.375
3.375 -4.0 -4.5
3.375 -2.18465597663 -5.625
3.375 -1.47699364586 -6.75
3.375 -1.10626410532 -7.875
6.0 -0.880280964584 16.0
6.0 -1.10626410532 14.0
6.0 -1.47699364586 12.0
6.0 -2.18465597663 10.0
6.0 -4.0 8.0
6.0 -16.4852813742 6.0
6.0 0.307692307692 4.0
6.0 0.4 2.0
6.0 0.444444444444 -0.0
6.0 0.4 -2.0
6.0 0.307692307692 -4.0
6.0 -16.4852813742 -6.0
6.0 -4.0 -8.0
6.0 -2.18465597663 -10.0
6.0 -1.47699364586 -12.0
6.0 -1.10626410532 -14.0
9.375 -0.880280964584 25.0
9.375 -1.10626410532 21.875
9.375 -1.47699364586 18.75
9.375 -2.18465597663 15.625
9.375 -4.0 12.5
9.375 -16.4852813742 9.375
9.375 0.307692307692 6.25
9.375 0.4 3.125
9.375 0.444444444444 -0.0
9.375 0.4 -3.125
9.375 0.307692307692 -6.25
9.375 -16.4852813742 -9.375
9.375 -4.0 -12.5
9.375 -2.18465597663 -15.625
9.375 -1.47699364586 -18.75
9.375 -1.10626410532 -21.875
13.5 -0.880280964584 36.0
13.5 -1.10626410532 31.5
13.5 -1.47699364586 27.0
13.5 -2.18465597663 22.5
13.5 -4.0 18.0
13.5 -16.4852813742 13.5
13.5 0.307692307692 9.0
13.5 0.4 4.5
13.5 0.444444444444 -0.0
13.5 0.4 -4.5
13.5 0.307692307692 -9.0
13.5 -16.4852813742 -13.5
13.5 -4.0 -18.0
13.5 -2.18465597663 -22.5
13.5 -1.47699364586 -27.0
13.5 -1.10626410532 -31.5
18.375 -0.880280964584 49.0
18.375 -1.10626410532 42.875
18.375 -1.47699364586 36.75
18.375 -2.18465597663 30.625
18.375 -4.0 24.5
18.375 -16.4852813742 18.375
18.375 0.307692307692 12.25
18.375 0.4 6.125
18.375 0.444444444444 -0.0
18.375 0.4 -6.125
18.375 0.307692307692 -12.25
18.375 -16.4852813742 -18.375
18.375 -4.0 -24.5
18.375 -2.18465597663 -30.625
18.375 -1.47699364586 -36.75
18.375 -1.10626410532 -42.875
-16.0 -0.942016250095 -64.0
-16.0 -1.21947133938 -56.0
-16.0 -1.72075922006 -48.0
-16.0 -2.88774301758 -40.0
-16.0 -8.472135955 -32.0
-16.0 0.307692307692 -24.0
-16.0 0.5 -16.0
-16.0 0.8 -8.0
-16.0 1.0 0.0
-16.0 0.8 8.0
-16.0 0.5 16.0
-16.0 0.307692307692 24.0
-16.0 -8.472135955 32.0
-16.0 -2.88774301758 40.0
-16.0 -1.72075922006 48.0
-16.0 -1.21947133938 56.0
-12.25 -0.942016250095 -49.0
-12.25 -1.21947133938 -42.875
-12.25 -1.72075922006 -36.75
-12.25 -2.88774301758 -30.625
-12.25 -8.472135955 -24.5
-12.25 0.307692307692 -18.375
-12.25 0.5 -12.25
-12.25 0.8 -6.125
-12.25 1.0 0.0
-12.25 0.8 6.125
-12.25 0.5 12.25
-12.25 0.307692307692 18.375
-12.25 -8.472135955 24.5
-12.25 -2.88774301758 30.625
-12.25 -1.72075922006 36.75
-12.25 -1.21947133938 42.875
-9.0 -0.942016250095 -36.0
-9.0 -1.21947133938 -31.5
-9.0 -1.72075922006 -27.0
-9.0 -2.88774301758 -22.5
-9.0 -8.472135955 -18.0
-9.0 0.307692307692 -13.5
-9.0 0.5 -9.0
-9.0 0.8 -4.5
-9.0 1.0 0.0
-9.0 0.8 4.5
-9.0 0.5 9.0
-9.0 0.307692307692 13.5
-9.0 -8.472135955 18.0
-9.0 -2.88774301758 22.5
-9.0 -1.72075922006 27.0
-9.0 -1.21947133938 31.5
-6.25 -0.942016250095 -25.0
-6.25 -1.21947133938 -21.875
-6.25 -1.72075922006 -18.75
-6.25 -2.88774301758 -15.625
-6.25 -8.472135955 -12.5
-6.25 0.307692307692 -9.375
-6.25 0.5 -6.25
-6.25 0.8 -3.125
-6.25 1.0 0.0
-6.25 0.8 3.125
-6.25 0.5 6.25
-6.25 0.307692307692 9.375
-6.25 -8.472135955 12.5
-6.25 -2.88774301758 15.625
-6.25 -1.72075922006 18.75
-6.25 -1.21947133938 21.875
-4.0 -0.942016250095 -16.0
-4.0 -1.21947133938 -14.0
-4.0 -1.72075922006 -12.0
-4.0 -2.88774301758 -10.0
-4.0 -8.472135955 -8.0
-4.0 0.307692307692 -6.0
-4.0 0.5 -4.0
-4.0 0.8 -2.0
-4.0 1.0 0.0
-4.0 0.8 2.0
-4.0 0.5 4.0
-4.0 0.307692307692 6.0
-4.0 -8.472135955 8.0
-4.0 -2.88774301758 10.0
-4.0 -1.72075922006 12.0
-4.0 -1.21947133938 14.0
-2.25 -0.942016250095 -9.0
-2.25 -1.21947133938 -7.875
-2.25 -1.72075922006 -6.75
-2.25 -2.88774301758 -5.625
-2.25 -8.472135955 -4.5
-2.25 0.307692307692 -3.375
-2.25 0.5 -2.25
-2.25 0.8 -1.125
-2.25 1.0 0.0
-2.25 0.8 1.125
-2.25 0.5 2.25
-2.25 0.307692307692 3.375
-2.25 -8.472135955 4.5
-2.25 -2.88774301758 5.625
-2.25 -1.72075922006 6.75
-2.25 -1.21947133938 7.875
-1.0 -0.942016250095 -4.0
-1.0 -1.21947133938 -3.5
-1.0 -1.72075922006 -3.0
-1.0 -2.88774301758 -2.5
-1.0 -8.472135955 -2.0
-1.0 0.307692307692 -1.5
-1.0 0.5 -1.0
-1.0 0.8 -0.5
-1.0 1.0 0.0
-1.0 0.8 0.5
-1.0 0.5 1.0
-1.0 0.307692307692 1.5
-1.0 -8.472135955 2.0
-1.0 -2.88774301758 2.5
-1.0 -1.72075922006 3.0
-1.0 -1.21947133938 3.5
-0.25 -0.942016250095 -1.0
-0.25 -1.21947133938 -0.875
-0.25 -1.72075922006 -0.75
-0.25 -2.88774301758 -0.625
-0.25 -8.472135955 -0.5
-0.25 0.307692307692 -0.375
-0.25 0.5 -0.25
-0.25 0.8 -0.125
-0.25 1.0 0.0
-0.25 0.8 0.125
-0.25 0.5 0.25
-0.25 0.307692307692 0.375
-0.25 -8.472135955 0.5
-0.25 -2.88774301758 0.625
-0.25 -1.72075922006 0.75
-0.25 -1.21947133938 0.875
-0.0 -0.942016250095 -0.0
-0.0 -1.21947133938 -0.0
-0.0 -1.72075922006 -0.0
-0.0 -2.88774301758 -0.0
-0.0 -8.472135955 -0.0
-0.0 0.307692307692 -0.0
-0.0 0.5 -0.0
-0.0 0.8 -0.0
-0.0 1.0 0.0
-0.0 0.8 0.0
-0.0 0.5 0.0
-0.0 0.307692307692 0.0
-0.0 -8.472135955 0.0
-0.0 -2.88774301758 0.0
-0.0 -1.72075922006 0.0
-0.0 -1.21947133938 0.0
0.25 -0.942016250095 1.0
0.25 -1.21947133938 0.875
0.25 -1.72075922006 0.75
0.25 -2.88774301758 0.625
0.25 -8.472135955 0.5
0.25 0.307692307692 0.375
0.25 0.5 0.25
0.25 0.8 0.125
0.25 1.0 -0.0
0.25 0.8 -0.125
0.25 0.5 -0.25
0.25 0.307692307692 -0.375
0.25 -8.472135955 -0.5
0.25 -2.88774301758 -0.625
0.25 -1.72075922006 -0.75
0.25 -1.21947133938 -0.875
1.0 -0.942016250095 4.0
1.0 -1.21947133938 3.5
1.0 -1.72075922006 3.0
1.0 -2.88774301758 2.5
1.0 -8.472135955 2.0
1.0 0.307692307692 1.5
1.0 0.5 1.0
1.0 0.8 0.5
1.0 1.0 -0.0
1.0 0.8 -0.5
1.0 0.5 -1.0
1.0 0.307692307692 -1.5
1.0 -8.472135955 -2.0
1.0 -2.88774301758 -2.5
1.0 -1.72075922006 -3.0
1.0 -1.21947133938 -3.5
2.25 -0.942016250095 9.0
2.25 -1.21947133938 7.875
2.25 -1.72075922006 6.75
2.25 -2.88774301758 5.625
2.25 -8.472135955 4.5
2.25 0.307692307692 3.375
2.25 0.5 2.25
2.25 0.8 1.125
2.25 1.0 -0.0
2.25 0.8 -1.125
2.25 0.5 -2.25
2.25 0.307692307692 -3.375
2.25 -8.472135955 -4.5
2.25 -2.88774301758 -5.625
2.25 -1.72075922006 -6.75
2.25 -1.21947133938 -7.875
4.0 -0.942016250095 16.0
4.0 -1.21947133938 14.0
4.0 -1.72075922006 12.0
4.0 -2.88774301758 10.0
4.0 -8.472135955 8.0
4.0 0.307692307692 6.0
4.0 0.5 4.0
4.0 0.8 2.0
4.0 1.0 -0.0
4.0 0.8 -2.0
4.0 0.5 -4.0
4.0 0.307692307692 -6.0
4.0 -8.472135955 -8.0
4.0 -2.88774301758 -10.0
4.0 -1.72075922006 -12.0
4.0 -1.21947133938 -14.0
6.25 -0.942016250095 25.0
6.25 -1.21947133938 21.875
6.25 -1.72075922006 18.75
6.25 -2.88774301758 15.625
6.25 -8.472135955 12.5
6.25 0.307692307692 9.375
6.25 0.5 6.25
6.25 0.8 3.125
6.25 1.0 -0.0
6.25 0.8 -3.125
6.25 0.5 -6.25
6.25 0.307692307692 -9.375
6.25 -8.472135955 -12.5
6.25 -2.88774301758 -15.625
6.25 -1.72075922006 -18.75
6.25 -1.21947133938 -21.875
9.0 -0.942016250095 36.0
9.0 -1.21947133938 31.5
9.0 -1.72075922006 27.0
9.0 -2.88774301758 22.5
9.0 -8.472135955 18.0
9.0 0.307692307692 13.5
9.0 0.5 9.0
9.0 0.8 4.5
9.0 1.0 -0.0
9.0 0.8 -4.5
9.0 0.5 -9.0
9.0 0.307692307692 -13.5
9.0 -8.472135955 -18.0
9.0 -2.88774301758 -22.5
9.0 -1.72075922006 -27.0
9.0 -1.21947133938 -31.5
12.25 -0.942016250095 49.0
12.25 -1.21947133938 42.875
12.25 -1.72075922006 36.75
12.25 -2.88774301758 30.625
12.25 -8.472135955 24.5
12.25 0.307692307692 18.375
12.25 0.5 12.25
12.25 0.8 6.125
12.25 1.0 -0.0
12.25 0.8 -6.125
12.25 0.5 -12.25
12.25 0.307692307692 -18.375
12.25 -8.472135955 -24.5
12.25 -2.88774301758 -30.625
12.25 -1.72075922006 -36.75
12.25 -1.21947133938 -42.875
-8.0 -0.984674101902 -64.0
-8.0 -1.3024785661 -56.0
-8.0 -1.92052619625 -48.0
-8.0 -3.63960780544 -40.0
-8.0 -32.4924225025 -32.0
-8.0 0.4 -24.0
-8.0 0.8 -16.0
-8.0 2.0 -8.0
-8.0 4.0 0.0
-8.0 2.0 8.0
-8.0 0.8 16.0
-8.0 0.4 24.0
-8.0 -32.4924225025 32.0
-8.0 -3.63960780544 40.0
-8.0 -1.92052619625 48.0
-8.0 -1.3024785661 56.0
-6.125 -0.984674101902 -49.0
-6.125 -1.3024785661 -42.875
-6.125 -1.92052619625 -36.75
-6.125 -3.63960780544 -30.625
-6.125 -32.4924225025 -24.5
-6.125 0.4 -18.375
-6.125 0.8 -12.25
-6.125 2.0 -6.125
-6.125 4.0 0.0
-6.125 2.0 6.125
-6.125 0.8 12.25
-6.125 0.4 18.375
-6.125 -32.4924225025 24.5
-6.125 -3.63960780544 30.625
-6.125 -1.92052619625 36.75
-6.125 -1.3024785661 42.875
-4.5 -0.984674101902 -36.0
-4.5 -1.3024785661 -31.5
-4.5 -1.92052619625 -27.0
-4.5 -3.63960780544 -22.5
-4.5 -32.4924225025 -18.0
-4.5 0.4 -13.5
-4.5 0.8 -9.0
-4.5 2.0 -4.5
-4.5 4.0 0.0
-4.5 2.0 4.5
-4.5 0.8 9.0
-4.5 0.4 13.5
-4.5 -32.4924225025 18.0
-4.5 -3.63960780544 22.5
-4.5 -1.92052619625 27.0
-4.5 -1.3024785661 31.5
-3.125 -0.984674101902 -25.0
-3.125 -1.3024785661 -21.875
-3.125 -1.92052619625 -18.75
-3.125 -3.63960780544 -15.625
-3.125 -32.4924225025 -12.5
-3.125 0.4 -9.375
-3.125 0.8 -6.25
-3.125 2.0 -3.125
-3.125 4.0 0.0
-3.125 2.0 3.125
-3.125 0.8 6.25
-3.125 0.4 9.375
-3.125 -32.4924225025 12.5
-3.125 -3.63960780544 15.625
-3.125 -1.92052619625 18.75
-3.125 -1.3024785661 21.875
-2.0 -0.984674101902 -16.0
-2.0 -1.3024785661 -14.0
-2.0 -1.92052619625 -12.0
-2.0 -3.63960780544 -10.0
-2.0 -32.4924225025 -8.0
-2.0 0.4 -6.0
-2.0 0.8 -4.0
-2.0 2.0 -2.0
-2.0 4.0 0.0
-2.0 2.0 2.0
-2.0 0.8 4.0
-2.0 0.4 6.0
-2.0 -32.4924225025 8.0
-2.0 -3.63960780544 10.0
-2.0 -1.92052619625 12.0
-2.0 -1.3024785661 14.0
-1.125 -0.984674101902 -9.0
-1.125 -1.3024785661 -7.875
-1.125 -1.92052619625 -6.75
-1.125 -3.63960780544 -5.625
-1.125 -32.4924225025 -4.5
-1.125 0.4 -3.375
-1.125 0.8 -2.25
-1.125 2.0 -1.125
-1.125 4.0 0.0
-1.125 2.0 1.125
-1.125 0.8 2.25
-1.125 0.4 3.375
-1.125 -32.4924225025 4.5
-1.125 -3.63960780544 5.625
-1.125 -1.92052619625 6.75
-1.125 -1.3024785661 7.875
-0.5 -0.984674101902 -4.0
-0.5 -1.3024785661 -3.5
-0.5 -1.92052619625 -3.0
-0.5 -3.63960780544 -2.5
-0.5 -32.4924225025 -2.0
-0.5 0.4 -1.5
-0.5 0.8 -1.0
-0.5 2.0 -0.5
-0.5 4.0 0.0
-0.5 2.0 0.5
-0.5 0.8 1.0
-0.5 0.4 1.5
-0.5 -32.4924225025 2.0
-0.5 -3.63960780544 2.5
-0.5 -1.92052619625 3.0
-0.5 -1.3024785661 3.5
-0.125 -0.984674101902 -1.0
-0.125 -1.3024785661 -0.875
-0.125 -1.92052619625 -0.75
-0.125 -3.63960780544 -0.625
-0.125 -32.4924225025 -0.5
-0.125 0.4 -0.375
-0.125 0.8 -0.25
-0.125 2.0 -0.125
-0.125 4.0 0.0
-0.125 2.0 0.125
-0.125 0.8 0.25
-0.125 0.4 0.375
-0.125 -32.4924225025 0.5
-0.125 -3.63960780544 0.625
-0.125 -1.92052619625 0.75
-0.125 -1.3024785661 0.875
-0.0 -0.984674101902 -0.0
-0.0 -1.3024785661 -0.0
-0.0 -1.92052619625 -0.0
-0.0 -3.63960780544 -0.0
-0.0 -32.4924225025 -0.0
-0.0 0.4 -0.0
-0.0 0.8 -0.0
-0.0 2.0 -0.0
-0.0 4.0 0.0
-0.0 2.0 0.0
-0.0 0.8 0.0
-0.0 0.4 0.0
-0.0 -32.4924225025 0.0
-0.0 -3.63960780544 0.0
-0.0 -1.92052619625 0.0
-0.0 -1.3024785661 0.0
0.125 -0.984674101902 1.0
0.125 -1.3024785661 0.875
0.125 -1.92052619625 0.75
0.125 -3.63960780544 0.625
0.125 -32.4924225025 0.5
0.125 0.4 0.375
0.125 0.8 0.25
0.125 2.0 0.125
0.125 4.0 -0.0
0.125 2.0 -0.125
0.125 0.8 -0.25
0.125 0.4 -0.375
0.125 -32.4924225025 -0.5
0.125 -3.63960780544 -0.625
0.125 -1.92052619625 -0.75
0.125 -1.3024785661 -0.875
0.5 -0.984674101902 4.0
0.5 -1.3024785661 3.5
0.5 -1.92052619625 3.0
0.5 -3.63960780544 2.5
0.5 -32.4924225025 2.0
0.5 0.4 1.5
0.5 0.8 1.0
0.5 2.0 0.5
0.5 4.0 -0.0
0.5 2.0 -0.5
0.5 0.8 -1.0
0.5 0.4 -1.5
0.5 -32.4924225025 -2.0
0.5 -3.63960780544 -2.5
0.5 -1.92052619625 -3.0
0.5 -1.3024785661 -3.5
1.125 -0.984674101902 9.0
1.125 -1.3024785661 7.875
1.125 -1.92052619625 6.75
1.125 -3.63960780544 5.625
1.125 -32.4924225025 4.5
1.125 0.4 3.375
1.125 0.8 2.25
1.125 2.0 1.125
1.125 4.0 -0.0
1.125 2.0 -1.125
1.125 0.8 -2.25
1.125 0.4 -3.375
1.125 -32.4924225025 -4.5
1.125 -3.63960780544 -5.625
1.125 -1.92052619625 -6.75
1.125 -1.3024785661 -7.875
2.0 -0.984674101902 16.0
2.0 -1.3024785661 14.0
2.0 -1.92052619625 12.0
2.0 -3.63960780544 10.0
2.0 -32.4924225025 8.0
2.0 0.4 6.0
2.0 0.8 4.0
2.0 2.0 2.0
2.0 4.0 -0.0
2.0 2.0 -2.0
2.0 0.8 -4.0
2.0 0.4 -6.0
2.0 -32.4924225025 -8.0
2.0 -3.63960780544 -10.0
2.0 -1.92052619625 -12.0
2.0 -1.3024785661 -14.0
3.125 -0.984674101902 25.0
3.125 -1.3024785661 21.875
3.125 -1.92052619625 18.75
3.125 -3.63960780544 15.625
3.125 -32.4924225025 12.5
3.125 0.4 9.375
3.125 0.8 6.25
3.125 2.0 3.125
3.125 4.0 -0.0
3.125 2.0 -3.125
3.125 0.8 -6.25
3.125 0.4 -9.375
3.125 -32.4924225025 -12.5
3.125 -3.63960780544 -15.625
3.125 -1.92052619625 -18.75
3.125 -1.3024785661 -21.875
4.5 -0.984674101902 36.0
4.5 -1.3024785661 31.5
4.5 -1.92052619625 27.0
4.5 -3.63960780544 22.5
4.5 -32.4924225025 18.0
4.5 0.4 13.5
4.5 0.8 9.0
4.5 2.0 4.5
4.5 4.0 -0.0
4.5 2.0 -4.5
4.5 0.8 -9.0
4.5 0.4 -13.5
4.5 -32.4924225025 -18.0
4.5 -3.63960780544 -22.5
4.5 -1.92052619625 -27.0
4.5 -1.3024785661 -31.5
6.125 -0.984674101902 49.0
6.125 -1.3024785661 42.875
6.125 -1.92052619625 36.75
6.125 -3.63960780544 30.625
6.125 -32.4924225025 24.5
6.125 0.4 18.375
6.125 0.8 12.25
6.125 2.0 6.125
6.125 4.0 -0.0
6.125 2.0 -6.125
6.125 0.8 -12.25
6.125 0.4 -18.375
6.125 -32.4924225025 -24.5
6.125 -3.63960780544 -30.625
6.125 -1.92052619625 -36.75
6.125 -1.3024785661 -42.875
0.0 -1.0 -64.0
0.0 -1.33333333333 -56.0
0.0 -2.0 -48.0
0.0 -4.0 -40.0
0.0 0.25 -32.0
0.0 0.444444444444 -24.0
0.0 1.0 -16.0
0.0 4.0 -8.0
0.0 4.0 0.0
0.0 4.0 8.0
0.0 1.0 16.0
0.0 0.444444444444 24.0
0.0 0.25 32.0
0.0 -4.0 40.0
0.0 -2.0 48.0
0.0 -1.33333333333 56.0
0.0 -1.0 -49.0
0.0 -1.33333333333 -42.875
0.0 -2.0 -36.75
0.0 -4.0 -30.625
0.0 0.25 -24.5
0.0 0.444444444444 -18.375
0.0 1.0 -12.25
0.0 4.0 -6.125
0.0 4.0 0.0
0.0 4.0 6.125
0.0 1.0 12.25
0.0 0.444444444444 18.375
0.0 0.25 24.5
0.0 -4.0 30.625
0.0 -2.0 36.75
0.0 -1.33333333333 42.875
0.0 -1.0 -36.0
0.0 -1.33333333333 -31.5
0.0 -2.0 -27.0
0.0 -4.0 -22.5
0.0 0.25 -18.0
0.0 0.444444444444 -13.5
0.0 1.0 -9.0
0.0 4.0 -4.5
0.0 4.0 0.0
0.0 4.0 4.5
0.0 1.0 9.0
0.0 0.444444444444 13.5
0.0 0.25 18.0
0.0 -4.0 22.5
0.0 -2.0 27.0
0.0 -1.33333333333 31.5
0.0 -1.0 -25.0
0.0 -1.33333333333 -21.875
0.0 -2.0 -18.75
0.0 -4.0 -15.625
0.0 0.25 -12.5
0.0 0.444444444444 -9.375
0.0 1.0 -6.25
0.0 4.0 -3.125
0.0 4.0 0.0
0.0 4.0 3.125
0.0 1.0 6.25
0.0 0.444444444444 9.375
0.0 0.25 12.5
0.0 -4.0 15.625
0.0 -2.0 18.75
0.0 -1.33333333333 21.875
0.0 -1.0 -16.0
0.0 -1.33333333333 -14.0
0.0 -2.0 -12.0
0.0 -4.0 -10.0
0.0 0.25 -8.0
0.0 0.444444444444 -6.0
0.0 1.0 -4.0
0.0 4.0 -2.0
0.0 4.0 0.0
0.0 4.0 2.0
0.0 1.0 4.0
0.0 0.444444444444 6.0
0.0 0.25 8.0
0.0 -4.0 10.0
0.0 -2.0 12.0
0.0 -1.33333333333 14.0
0.0 -1.0 -9.0
0.0 -1.33333333333 -7.875
0.0 -2.0 -6.75
0.0 -4.0 -5.625
0.0 0.25 -4.5
0.0 0.444444444444 -3.375
0.0 1.0 -2.25
0.0 4.0 -1.125
0.0 4.0 0.0
0.0 4.0 1.125
0.0 1.0 2.25
0.0 0.444444444444 3.375
0.0 0.25 4.5
0.0 -4.0 5.625
0.0 -2.0 6.75
0.0 -1.33333333333 7.875
0.0 -1.0 -4.0
0.0 -1.33333333333 -3.5
0.0 -2.0 -3.0
0.0 -4.0 -2.5
0.0 0.25 -2.0
0.0 0.444444444444 -1.5
0.0 1.0 -1.0
0.0 4.0 -0.5
0.0 4.0 0.0
0.0 4.0 0.5
0.0 1.0 1.0
0.0 0.444444444444 1.5
0.0 0.25 2.0
0.0 -4.0 2.5
0.0 -2.0 3.0
0.0 -1.33333333333 3.5
0.0 -1.0 -1.0
0.0 -1.33333333333 -0.875
0.0 -2.0 -0.75
0.0 -4.0 -0.625
0.0 0.25 -0.5
0.0 0.444444444444 -0.375
0.0 1.0 -0.25
0.0 4.0 -0.125
0.0 4.0 0.0
0.0 4.0 0.125
0.0 1.0 0.25
0.0 0.444444444444 0.375
0.0 0.25 0.5
0.0 -4.0 0.625
0.0 -2.0 0.75
0.0 -1.33333333333 0.875
0.0 -1.0 -0.0
0.0 -1.33333333333 -0.0
0.0 -2.0 -0.0
0.0 -4.0 -0.0
0.0 0.25 -0.0
0.0 0.444444444444 -0.0
0.0 1.0 -0.0
0.0 4.0 -0.0
0.0 4.0 0.0
0.0 4.0 0.0
0.0 1.0 0.0
0.0 0.444444444444 0.0
0.0 0.25 0.0
0.0 -4.0 0.0
0.0 -2.0 0.0
0.0 -1.33333333333 0.0
-0.0 -1.0 1.0
-0.0 -1.33333333333 0.875
-0.0 -2.0 0.75
-0.0 -4.0 0.625
-0.0 0.25 0.5
-0.0 0.444444444444 0.375
-0.0 1.0 0.25
-0.0 4.0 0.125
-0.0 4.0 -0.0
-0.0 4.0 -0.125
-0.0 1.0 -0.25
-0.0 0.444444444444 -0.375
-0.0 0.25 -0.5
-0.0 -4.0 -0.625
-0.0 -2.0 -0.75
-0.0 -1.33333333333 -0.875
-0.0 -1.0 4.0
-0.0 -1.33333333333 3.5
-0.0 -2.0 3.0
-0.0 -4.0 2.5
-0.0 0.25 2.0
-0.0 0.444444444444 1.5
-0.0 1.0 1.0
-0.0 4.0 0.5
-0.0 4.0 -0.0
-0.0 4.0 -0.5
-0.0 1.0 -1.0
-0.0 0.444444444444 -1.5
-0.0 0.25 -2.0
-0.0 -4.0 -2.5
-0.0 -2.0 -3.0
-0.0 -1.33333333333 -3.5
-0.0 -1.0 9.0
-0.0 -1.33333333333 7.875
-0.0 -2.0 6.75
-0.0 -4.0 5.625
-0.0 0.25 4.5
-0.0 0.444444444444 3.375
-0.0 1.0 2.25
-0.0 4.0 1.125
-0.0 4.0 -0.0
-0.0 4.0 -1.125
-0.0 1.0 -2.25
-0.0 0.444444444444 -3.375
-0.0 0.25 -4.5
-0.0 -4.0 -5.625
-0.0 -2.0 -6.75
-0.0 -1.33333333333 -7.875
-0.0 -1.0 16.0
-0.0 -1.33333333333 14.0
-0.0 -2.0 12.0
-0.0 -4.0 10.0
-0.0 0.25 8.0
-0.0 0.444444444444 6.0
-0.0 1.0 4.0
-0.0 4.0 2.0
-0.0 4.0 -0.0
-0.0 4.0 -2.0
-0.0 1.0 -4.0
-0.0 0.444444444444 -6.0
-0.0 0.25 -8.0
-0.0 -4.0 -10.0
-0.0 -2.0 -12.0
-0.0 -1.33333333333 -14.0
-0.0 -1.0 25.0
-0.0 -1.33333333333 21.875
-0.0 -2.0 18.75
-0.0 -4.0 15.625
-0.0 0.25 12.5
-0.0 0.444444444444 9.375
-0.0 1.0 6.25
-0.0 4.0 3.125
-0.0 4.0 -0.0
-0.0 4.0 -3.125
-0.0 1.0 -6.25
-0.0 0.444444444444 -9.375
-0.0 0.25 -12.5
-0.0 -4.0 -15.625
-0.0 -2.0 -18.75
-0.0 -1.33333333333 -21.875
-0.0 -1.0 36.0
-0.0 -1.33333333333 31.5
-0.0 -2.0 27.0
-0.0 -4.0 22.5
-0.0 0.25 18.0
-0.0 0.444444444444 13.5
-0.0 1.0 9.0
-0.0 4.0 4.5
-0.0 4.0 -0.0
-0.0 4.0 -4.5
-0.0 1.0 -9.0
-0.0 0.444444444444 -13.5
-0.0 0.25 -18.0
-0.0 -4.0 -22.5
-0.0 -2.0 -27.0
-0.0 -1.33333333333 -31.5
-0.0 -1.0 49.0
-0.0 -1.33333333333 42.875
-0.0 -2.0 36.75
-0.0 -4.0 30.625
-0.0 0.25 24.5
-0.0 0.444444444444 18.375
-0.0 1.0 12.25
-0.0 4.0 6.125
-0.0 4.0 -0.0
-0.0 4.0 -6.125
-0.0 1.0 -12.25
-0.0 0.444444444444 -18.375
-0.0 0.25 -24.5
-0.0 -4.0 -30.625
-0.0 -2.0 -36.75
-0.0 -1.33333333333 -42.875
8.0 -0.984674101902 -64.0
8.0 -1.3024785661 -56.0
8.0 -1.92052619625 -48.0
8.0 -3.63960780544 -40.0
8.0 -32.4924225025 -32.0
8.0 0.4 -24.0
8.0 0.8 -16.0
8.0 2.0 -8.0
8.0 4.0 0.0
8.0 2.0 8.0
8.0 0.8 16.0
8.0 0.4 24.0
8.0 -32.4924225025 32.0
8.0 -3.63960780544 40.0
8.0 -1.92052619625 48.0
8.0 -1.3024785661 56.0
6.125 -0.984674101902 -49.0
6.125 -1.3024785661 -42.875
6.125 -1.92052619625 -36.75
6.125 -3.63960780544 -30.625
6.125 -32.4924225025 -24.5
6.125 0.4 -18.375
6.125 0.8 -12.25
6.125 2.0 -6.125
6.125 4.0 0.0
6.125 2.0 6.125
6.125 0.8 12.25
6.125 0.4 18.375
6.125 -32.4924225025 24.5
6.125 -3.63960780544 30.625
6.125 -1.92052619625 36.75
6.125 -1.3024785661 42.875
4.5 -0.984674101902 -36.0
4.5 -1.3024785661 -31.5
4.5 -1.92052619625 -27.0
4.5 -3.63960780544 -22.5
4.5 -32.4924225025 -18.0
4.5 0.4 -13.5
4.5 0.8 -9.0
4.5 2.0 -4.5
4.5 4.0 0.0
4.5 2.0 4.5
4.5 0.8 9.0
4.5 0.4 13.5
4.5 -32.4924225025 18.0
4.5 -3.63960780544 22.5
4.5 -1.92052619625 27.0
4.5 -1.3024785661 31.5
3.125 -0.984674101902 -25.0
3.125 -1.3024785661 -21.875
3.125 -1.92052619625 -18.75
3.125 -3.63960780544 -15.625
3.125 -32.4924225025 -12.5
3.125 0.4 -9.375
3.125 0.8 -6.25
3.125 2.0 -3.125
3.125 4.0 0.0
3.125 2.0 3.125
3.125 0.8 6.25
3.125 0.4 9.375
3.125 -32.4924225025 12.5
3.125 -3.63960780544 15.625
3.125 -1.92052619625 18.75
3.125 -1.3024785661 21.875
2.0 -0.984674101902 -16.0
2.0 -1.3024785661 -14.0
2.0 -1.92052619625 -12.0
2.0 -3.63960780544 -10.0
2.0 -32.4924225025 -8.0
2.0 0.4 -6.0
2.0 0.8 -4.0
2.0 2.0 -2.0
2.0 4.0 0.0
2.0 2.0 2.0
2.0 0.8 4.0
2.0 0.4 6.0
2.0 -32.4924225025 8.0
2.0 -3.63960780544 10.0
2.0 -1.92052619625 12.0
2.0 -1.3024785661 14.0
1.125 -0.984674101902 -9.0
1.125 -1.3024785661 -7.875
1.125 -1.92052619625 -6.75
1.125 -3.63960780544 -5.625
1.125 -32.4924225025 -4.5
1.125 0.4 -3.375
1.125 0.8 -2.25
1.125 2.0 -1.125
1.125 4.0 0.0
1.125 2.0 1.125
1.125 0.8 2.25
1.125 0.4 3.375
1.125 -32.4924225025 4.5
1.125 -3.63960780544 5.625
1.125 -1.92052619625 6.75
1.125 -1.3024785661 7.875
0.5 -0.984674101902 -4.0
0.5 -1.3024785661 -3.5
0.5 -1.92052619625 -3.0
0.5 -3.63960780544 -2.5
0.5 -32.4924225025 -2.0
0.5 0.4 -1.5
0.5 0.8 -1.0
0.5 2.0 -0.5
0.5 4.0 0.0
0.5 2.0 0.5
0.5 0.8 1.0
0.5 0.4 1.5
0.5 -32.4924225025 2.0
0.5 -3.63960780544 2.5
0.5 -1.92052619625 3.0
0.5 -1.3024785661 3.5
0.125 -0.984674101902 -1.0
0.125 -1.3024785661 -0.875
0.125 -1.92052619625 -0.75
0.125 -3.63960780544 -0.625
0.125 -32.4924225025 -0.5
0.125 0.4 -0.375
0.125 0.8 -0.25
0.125 2.0 -0.125
0.125 4.0 0.0
0.125 2.0 0.125
0.125 0.8 0.25
0.125 0.4 0.375
0.125 -32.4924225025 0.5
0.125 -3.63960780544 0.625
0.125 -1.92052619625 0.75
0.125 -1.3024785661 0.875
0.0 -0.984674101902 -0.0
0.0 -1.3024785661 -0.0
0.0 -1.92052619625 -0.0
0.0 -3.63960780544 -0.0
0.0 -32.4924225025 -0.0
0.0 0.4 -0.0
0.0 0.8 -0.0
0.0 2.0 -0.0
0.0 4.0 0.0
0.0 2.0 0.0
0.0 0.8 0.0
0.0 0.4 0.0
0.0 -32.4924225025 0.0
0.0 -3.63960780544 0.0
0.0 -1.92052619625 0.0
0.0 -1.3024785661 0.0
-0.125 -0.984674101902 1.0
-0.125 -1.3024785661 0.875
-0.125 -1.92052619625 0.75
-0.125 -3.63960780544 0.625
-0.125 -32.4924225025 0.5
-0.125 0.4 0.375
-0.125 0.8 0.25
-0.125 2.0 0.125
-0.125 4.0 -0.0
-0.125 2.0 -0.125
-0.125 0.8 -0.25
-0.125 0.4 -0.375
-0.125 -32.4924225025 -0.5
-0.125 -3.63960780544 -0.625
-0.125 -1.92052619625 -0.75
-0.125 -1.3024785661 -0.875
-0.5 -0.984674101902 4.0
-0.5 -1.3024785661 3.5
-0.5 -1.92052619625 3.0
-0.5 -3.63960780544 2.5
-0.5 -32.4924225025 2.0
-0.5 0.4 1.5
-0.5 0.8 1.0
-0.5 2.0 0.5
-0.5 4.0 -0.0
-0.5 2.0 -0.5
-0.5 0.8 -1.0
-0.5 0.4 -1.5
-0.5 -32.4924225025 -2.0
-0.5 -3.63960780544 -2.5
-0.5 -1.92052619625 -3.0
-0.5 -1.3024785661 -3.5
-1.125 -0.984674101902 9.0
-1.125 -1.3024785661 7.875
-1.125 -1.92052619625 6.75
-1.125 -3.63960780544 5.625
-1.125 -32.4924225025 4.5
-1.125 0.4 3.375
-1.125 0.8 2.25
-1.125 2.0 1.125
-1.125 4.0 -0.0
-1.125 2.0 -1.125
-1.125 0.8 -2.25
-1.125 0.4 -3.375
-1.125 -32.4924225025 -4.5
-1.125 -3.63960780544 -5.625
-1.125 -1.92052619625 -6.75
-1.125 -1.3024785661 -7.875
-2.0 -0.984674101902 16.0
-2.0 -1.3024785661 14.0
-2.0 -1.92052619625 12.0
-2.0 -3.63960780544 10.0
-2.0 -32.4924225025 8.0
-2.0 0.4 6.0
-2.0 0.8 4.0
-2.0 2.0 2.0
-2.0 4.0 -0.0
-2.0 2.0 -2.0
-2.0 0.8 -4.0
-2.0 0.4 -6.0
-2.0 -32.4924225025 -8.0
-2.0 -3.63960780544 -10.0
-2.0 -1.92052619625 -12.0
-2.0 -1.3024785661 -14.0
-3.125 -0.984674101902 25.0
-3.125 -1.3024785661 21.875
-3.125 -1.92052619625 18.75
-3.125 -3.63960780544 15.625
-3.125 -32.4924225025 12.5
-3.125 0.4 9.375
-3.125 0.8 6.25
-3.125 2.0 3.125
-3.125 4.0 -0.0
-3.125 2.0 -3.125
-3.125 0.8 -6.25
-3.125 0.4 -9.375
-3.125 -32.4924225025 -12.5
-3.125 -3.63960780544 -15.625
-3.125 -1.92052619625 -18.75
-3.125 -1.3024785661 -21.875
-4.5 -0.984674101902 36.0
-4.5 -1.3024785661 31.5
-4.5 -1.92052619625 27.0
-4.5 -3.63960780544 22.5
-4.5 -32.4924225025 18.0
-4.5 0.4 13.5
-4.5 0.8 9.0
-4.5 2.0 4.5
-4.5 4.0 -0.0
-4.5 2.0 -4.5
-4.5 0.8 -9.0
-4.5 0.4 -13.5
-4.5 -32.4924225025 -18.0
-4.5 -3.63960780544 -22.5
-4.5 -1.92052619625 -27.0
-4.5 -1.3024785661 -31.5
-6.125 -0.984674101902 49.0
-6.125 -1.3024785661 42.875
-6.125 -1.92052619625 36.75
-6.125 -3.63960780544 30.625
-6.125 -32.4924225025 24.5
-6.125 0.4 18.375
-6.125 0.8 12.25
-6.125 2.0 6.125
-6.125 4.0 -0.0
-6.125 2.0 -6.125
-6.125 0.8 -12.25
-6.125 0.4 -18.375
-6.125 -32.4924225025 -24.5
-6.125 -3.63960780544 -30.625
-6.125 -1.92052619625 -36.75
-6.125 -1.3024785661 -42.875
16.0 -0.942016250095 -64.0
16.0 -1.21947133938 -56.0
16.0 -1.72075922006 -48.0
16.0 -2.88774301758 -40.0
16.0 -8.472135955 -32.0
16.0 0.307692307692 -24.0
16.0 0.5 -16.0
16.0 0.8 -8.0
16.0 1.0 0.0
16.0 0.8 8.0
16.0 0.5 16.0
16.0 0.307692307692 24.0
16.0 -8.472135955 32.0
16.0 -2.88774301758 40.0
16.0 -1.72075922006 48.0
16.0 -1.21947133938 56.0
12.25 -0.942016250095 -49.0
12.25 -1.21947133938 -42.875
12.25 -1.72075922006 -36.75
12.25 -2.88774301758 -30.625
12.25 -8.472135955 -24.5
12.25 0.307692307692 -18.375
12.25 0.5 -12.25
12.25 0.8 -6.125
12.25 1.0 0.0
12.25 0.8 6.125
12.25 0.5 12.25
12.25 0.307692307692 18.375
12.25 -8.472135955 24.5
12.25 -2.88774301758 30.625
12.25 -1.72075922006 36.75
12.25 -1.21947133938 42.875
9.0 -0.942016250095 -36.0
9.0 -1.21947133938 -31.5
9.0 -1.72075922006 -27.0
9.0 -2.88774301758 -22.5
9.0 -8.472135955 -18.0
9.0 0.307692307692 -13.5
9.0 0.5 -9.0
9.0 0.8 -4.5
9.0 1.0 0.0
9.0 0.8 4.5
9.0 0.5 9.0
9.0 0.307692307692 13.5
9.0 -8.472135955 18.0
9.0 -2.88774301758 22.5
9.0 -1.72075922006 27.0
9.0 -1.21947133938 31.5
6.25 -0.942016250095 -25.0
6.25 -1.21947133938 -21.875
6.25 -1.72075922006 -18.75
6.25 -2.88774301758 -15.625
6.25 -8.472135955 -12.5
6.25 0.307692307692 -9.375
6.25 0.5 -6.25
6.25 0.8 -3.125
6.25 1.0 0.0
6.25 0.8 3.125
6.25 0.5 6.25
6.25 0.307692307692 9.375
6.25 -8.472135955 12.5
6.25 -2.88774301758 15.625
6.25 -1.72075922006 18.75
6.25 -1.21947133938 21.875
4.0 -0.942016250095 -16.0
4.0 -1.21947133938 -14.0
4.0 -1.72075922006 -12.0
4.0 -2.88774301758 -10.0
4.0 -8.472135955 -8.0
4.0 0.307692307692 -6.0
4.0 0.5 -4.0
4.0 0.8 -2.0
4.0 1.0 0.0
4.0 0.8 2.0
4.0 0.5 4.0
4.0 0.307692307692 6.0
4.0 -8.472135955 8.0
4.0 -2.88774301758 10.0
4.0 -1.72075922006 12.0
4.0 -1.21947133938 14.0
2.25 -0.942016250095 -9.0
2.25 -1.21947133938 -7.875
2.25 -1.72075922006 -6.75
2.25 -2.88774301758 -5.625
2.25 -8.472135955 -4.5
2.25 0.307692307692 -3.375
2.25 0.5 -2.25
2.25 0.8 -1.125
2.25 1.0 0.0
2.25 0.8 1.125
2.25 0.5 2.25
2.25 0.307692307692 3.375
2.25 -8.472135955 4.5
2.25 -2.88774301758 5.625
2.25 -1.72075922006 6.75
2.25 -1.21947133938 7.875
1.0 -0.942016250095 -4.0
1.0 -1.21947133938 -3.5
1.0 -1.72075922006 -3.0
1.0 -2.88774301758 -2.5
1.0 -8.472135955 -2.0
1.0 0.307692307692 -1.5
1.0 0.5 -1.0
1.0 0.8 -0.5
1.0 1.0 0.0
1.0 0.8 0.5
1.0 0.5 1.0
1.0 0.307692307692 1.5
1.0 -8.472135955 2.0
1.0 -2.88774301758 2.5
1.0 -1.72075922006 3.0
1.0 -1.21947133938 3.5
0.25 -0.942016250095 -1.0
0.25 -1.21947133938 -0.875
0.25 -1.72075922006 -0.75
0.25 -2.88774301758 -0.625
0.25 -8.472135955 -0.5
0.25 0.307692307692 -0.375
0.25 0.5 -0.25
0.25 0.8 -0.125
0.25 1.0 0.0
0.25 0.8 0.125
0.25 0.5 0.25
0.25 0.307692307692 0.375
0.25 -8.472135955 0.5
0.25 -2.88774301758 0.625
0.25 -1.72075922006 0.75
0.25 -1.21947133938 0.875
0.0 -0.942016250095 -0.0
0.0 -1.21947133938 -0.0
0.0 -1.72075922006 -0.0
0.0 -2.88774301758 -0.0
0.0 -8.472135955 -0.0
0.0 0.307692307692 -0.0
0.0 0.5 -0.0
0.0 0.8 -0.0
0.0 1.0 0.0
0.0 0.8 0.0
0.0 0.5 0.0
0.0 0.307692307692 0.0
0.0 -8.472135955 0.0
0.0 -2.88774301758 0.0
0.0 -1.72075922006 0.0
0.0 -1.21947133938 0.0
-0.25 -0.942016250095 1.0
-0.25 -1.21947133938 0.875
-0.25 -1.72075922006 0.75
-0.25 -2.88774301758 0.625
-0.25 -8.472135955 0.5
-0.25 0.307692307692 0.375
-0.25 0.5 0.25
-0.25 0.8 0.125
-0.25 1.0 -0.0
-0.25 0.8 -0.125
-0.25 0.5 -0.25
-0.25 0.307692307692 -0.375
-0.25 -8.472135955 -0.5
-0.25 -2.88774301758 -0.625
-0.25 -1.72075922006 -0.75
-0.25 -1.21947133938 -0.875
-1.0 -0.942016250095 4.0
-1.0 -1.21947133938 3.5
-1.0 -1.72075922006 3.0
-1.0 -2.88774301758 2.5
-1.0 -8.472135955 2.0
-1.0 0.307692307692 1.5
-1.0 0.5 1.0
-1.0 0.8 0.5
-1.0 1.0 -0.0
-1.0 0.8 -0.5
-1.0 0.5 -1.0
-1.0 0.307692307692 -1.5
-1.0 -8.472135955 -2.0
-1.0 -2.88774301758 -2.5
-1.0 -1.72075922006 -3.0
-1.0 -1.21947133938 -3.5
-2.25 -0.942016250095 9.0
-2.25 -1.21947133938 7.875
-2.25 -1.72075922006 6.75
-2.25 -2.88774301758 5.625
-2.25 -8.472135955 4.5
-2.25 0.307692307692 3.375
-2.25 0.5 2.25
-2.25 0.8 1.125
-2.25 1.0 -0.0
-2.25 0.8 -1.125
-2.25 0.5 -2.25
-2.25 0.307692307692 -3.375
-2.25 -8.472135955 -4.5
-2.25 -2.88774301758 -5.625
-2.25 -1.72075922006 -6.75
-2.25 -1.21947133938 -7.875
-4.0 -0.942016250095 16.0
-4.0 -1.21947133938 14.0
-4.0 -1.72075922006 12.0
-4.0 -2.88774301758 10.0
-4.0 -8.472135955 8.0
-4.0 0.307692307692 6.0
-4.0 0.5 4.0
-4.0 0.8 2.0
-4.0 1.0 -0.0
-4.0 0.8 -2.0
-4.0 0.5 -4.0
-4.0 0.307692307692 -6.0
-4.0 -8.472135955 -8.0
-4.0 -2.88774301758 -10.0
-4.0 -1.72075922006 -12.0
-4.0 -1.21947133938 -14.0
-6.25 -0.942016250095 25.0
-6.25 -1.21947133938 21.875
-6.25 -1.72075922006 18.75
-6.25 -2.88774301758 15.625
-6.25 -8.472135955 12.5
-6.25 0.307692307692 9.375
-6.25 0.5 6.25
-6.25 0.8 3.125
-6.25 1.0 -0.0
-6.25 0.8 -3.125
-6.25 0.5 -6.25
-6.25 0.307692307692 -9.375
-6.25 -8.472135955 -12.5
-6.25 -2.88774301758 -15.625
-6.25 -1.72075922006 -18.75
-6.25 -1.21947133938 -21.875
-9.0 -0.942016250095 36.0
-9.0 -1.21947133938 31.5
-9.0 -1.72075922006 27.0
-9.0 -2.88774301758 22.5
-9.0 -8.472135955 18.0
-9.0 0.307692307692 13.5
-9.0 0.5 9.0
-9.0 0.8 4.5
-9.0 1.0 -0.0
-9.0 0.8 -4.5
-9.0 0.5 -9.0
-9.0 0.307692307692 -13.5
-9.0 -8.472135955 -18.0
-9.0 -2.88774301758 -22.5
-9.0 -1.72075922006 -27.0
-9.0 -1.21947133938 -31.5
-12.25 -0.942016250095 49.0
-12.25 -1.21947133938 42.875
-12.25 -1.72075922006 36.75
-12.25 -2.88774301758 30.625
-12.25 -8.472135955 24.5
-12.25 0.307692307692 18.375
-12.25 0.5 12.25
-12.25 0.8 6.125
-12.25 1.0 -0.0
-12.25 0.8 -6.125
-12.25 0.5 -12.25
-12.25 0.307692307692 -18.375
-12.25 -8.472135955 -24.5
-12.25 -2.88774301758 -30.625
-12.25 -1.72075922006 -36.75
-12.25 -1.21947133938 -42.875
24.0 -0.880280964584 -64.0
24.0 -1.10626410532 -56.0
24.0 -1.47699364586 -48.0
24.0 -2.18465597663 -40.0
24.0 -4.0 -32.0
24.0 -16.4852813742 -24.0
24.0 0.307692307692 -16.0
24.0 0.4 -8.0
24.0 0.444444444444 0.0
24.0 0.4 8.0
24.0 0.307692307692 16.0
24.0 -16.4852813742 24.0
24.0 -4.0 32.0
24.0 -2.18465597663 40.0
24.0 -1.47699364586 48.0
24.0 -1.10626410532 56.0
18.375 -0.880280964584 -49.0
18.375 -1.10626410532 -42.875
18.375 -1.47699364586 -36.75
18.375 -2.18465597663 -30.625
18.375 -4.0 -24.5
18.375 -16.4852813742 -18.375
18.375 0.307692307692 -12.25
18.375 0.4 -6.125
18.375 0.444444444444 0.0
18.375 0.4 6.125
18.375 0.307692307692 12.25
18.375 -16.4852813742 18.375
18.375 -4.0 24.5
18.375 -2.18465597663 30.625
18.375 -1.47699364586 36.75
18.375 -1.10626410532 42.875
13.5 -0.880280964584 -36.0
13.5 -1.10626410532 -31.5
13.5 -1.47699364586 -27.0
13.5 -2.18465597663 -22.5
13.5 -4.0 -18.0
13.5 -16.4852813742 -13.5
13.5 0.307692307692 -9.0
13.5 0.4 -4.5
13.5 0.444444444444 0.0
13.5 0.4 4.5
13.5 0.307692307692 9.0
13.5 -16.4852813742 13.5
13.5 -4.0 18.0
13.5 -2.18465597663 22.5
13.5 -1.47699364586 27.0
13.5 -1.10626410532 31.5
9.375 -0.880280964584 -25.0
9.375 -1.10626410532 -21.875
9.375 -1.47699364586 -18.75
9.375 -2.18465597663 -15.625
9.375 -4.0 -12.5
9.375 -16.4852813742 -9.375
9.375 0.307692307692 -6.25
9.375 0.4 -3.125
9.375 0.444444444444 0.0
9.375 0.4 3.125
9.375 0.307692307692 6.25
9.375 -16.4852813742 9.375
9.375 -4.0 12.5
9.375 -2.18465597663 15.625
9.375 -1.47699364586 18.75
9.375 -1.10626410532 21.875
6.0 -0.880280964584 -16.0
6.0 -1.10626410532 -14.0
6.0 -1.47699364586 -12.0
6.0 -2.18465597663 -10.0
6.0 -4.0 -8.0
6.0 -16.4852813742 -6.0
6.0 0.307692307692 -4.0
6.0 0.4 -2.0
6.0 0.444444444444 0.0
6.0 0.4 2.0
6.0 0.307692307692 4.0
6.0 -16.4852813742 6.0
6.0 -4.0 8.0
6.0 -2.18465597663 10.0
6.0 -1.47699364586 12.0
6.0 -1.10626410532 14.0
3.375 -0.880280964584 -9.0
3.375 -1.10626410532 -7.875
3.375 -1.47699364586 -6.75
3.375 -2.18465597663 -5.625
3.375 -4.0 -4.5
3.375 -16.4852813742 -3.375
3.375 0.307692307692 -2.25
3.375 0.4 -1.125
3.375 0.444444444444 0.0
3.375 0.4 1.125
3.375 0.307692307692 2.25
3.375 -16.4852813742 3.375
3.375 -4.0 4.5
3.375 -2.18465597663 5.625
3.375 -1.47699364586 6.75
3.375 -1.10626410532 7.875
1.5 -0.880280964584 -4.0
1.5 -1.10626410532 -3.5
1.5 -1.47699364586 -3.0
1.5 -2.18465597663 -2.5
1.5 -4.0 -2.0
1.5 -16.4852813742 -1.5
1.5 0.307692307692 -1.0
1.5 0.4 -0.5
1.5 0.444444444444 0.0
1.5 0.4 0.5
1.5 0.307692307692 1.0
1.5 -16.4852813742 1.5
1.5 -4.0 2.0
1.5 -2.18465597663 2.5
1.5 -1.47699364586 3.0
1.5 -1.10626410532 3.5
0.375 -0.880280964584 -1.0
0.375 -1.10626410532 -0.875
0.375 -1.47699364586 -0.75
0.375 -2.18465597663 -0.625
0.375 -4.0 -0.5
0.375 -16.4852813742 -0.375
0.375 0.307692307692 -0.25
0.375 0.4 -0.125
0.375 0.444444444444 0.0
0.375 0.4 0.125
0.375 0.307692307692 0.25
0.375 -16.4852813742 0.375
0.375 -4.0 0.5
0.375 -2.18465597663 0.625
0.375 -1.47699364586 0.75
0.375 -1.10626410532 0.875
0.0 -0.880280964584 -0.0
0.0 -1.10626410532 -0.0
0.0 -1.47699364586 -0.0
0.0 -2.18465597663 -0.0
0.0 -4.0 -0.0
0.0 -16.4852813742 -0.0
0.0 0.307692307692 -0.0
0.0 0.4 -0.0
0.0 0.444444444444 0.0
0.0 0.4 0.0
0.0 0.307692307692 0.0
0.0 -16.4852813742 0.0
0.0 -4.0 0.0
0.0 -2.18465597663 0.0
0.0 -1.47699364586 0.0
0.0 -1.10626410532 0.0
-0.375 -0.880280964584 1.0
-0.375 -1.10626410532 0.875
-0.375 -1.47699364586 0.75
-0.375 -2.18465597663 0.625
-0.375 -4.0 0.5
-0.375 -16.4852813742 0.375
-0.375 0.307692307692 0.25
-0.375 0.4 0.125
-0.375 0.444444444444 -0.0
-0.375 0.4 -0.125
-0.375 0.307692307692 -0.25
-0.375 -16.4852813742 -0.375
-0.375 -4.0 -0.5
-0.375 -2.18465597663 -0.625
-0.375 -1.47699364586 -0.75
-0.375 -1.10626410532 -0.875
-1.5 -0.880280964584 4.0
-1.5 -1.10626410532 3.5
-1.5 -1.47699364586 3.0
-1.5 -2.18465597663 2.5
-1.5 -4.0 2.0
-1.5 -16.4852813742 1.5
-1.5 0.307692307692 1.0
-1.5 0.4 0.5
-1.5 0.444444444444 -0.0
-1.5 0.4 -0.5
-1.5 0.307692307692 -1.0
-1.5 -16.4852813742 -1.5
-1.5 -4.0 -2.0
-1.5 -2.18465597663 -2.5
-1.5 -1.47699364586 -3.0
-1.5 -1.10626410532 -3.5
-3.375 -0.880280964584 9.0
-3.375 -1.10626410532 7.875
-3.375 -1.47699364586 6.75
-3.375 -2.18465597663 5.625
-3.375 -4.0 4.5
-3.375 -16.4852813742 3.375
-3.375 0.307692307692 2.25
-3.375 0.4 1.125
-3.375 0.444444444444 -0.0
-3.375 0.4 -1.125
-3.375 0.307692307692 -2.25
-3.375 -16.4852813742 -3.375
-3.375 -4.0 -4.5
-3.375 -2.18465597663 -5.625
-3.375 -1.47699364586 -6.75
-3.375 -1.10626410532 -7.875
-6.0 -0.880280964584 16.0
-6.0 -1.10626410532 14.0
-6.0 -1.47699364586 12.0
-6.0 -2.18465597663 10.0
-6.0 -4.0 8.0
-6.0 -16.4852813742 6.0
-6.0 0.307692307692 4.0
-6.0 0.4 2.0
-6.0 0.444444444444 -0.0
-6.0 0.4 -2.0
-6.0 0.307692307692 -4.0
-6.0 -16.4852813742 -6.0
-6.0 -4.0 -8.0
-6.0 -2.18465597663 -10.0
-6.0 -1.47699364586 -12.0
-6.0 -1.10626410532 -14.0
-9.375 -0.880280964584 25.0
-9.375 -1.10626410532 21.875
-9.375 -1.47699364586 18.75
-9.375 -2.18465597663 15.625
-9.375 -4.0 12.5
-9.375 -16.4852813742 9.375
-9.375 0.307692307692 6.25
-9.375 0.4 3.125
-9.375 0.444444444444 -0.0
-9.375 0.4 -3.125
-9.375 0.307692307692 -6.25
-9.375 -16.4852813742 -9.375
-9.375 -4.0 -12.5
-9.375 -2.18465597663 -15.625
-9.375 -1.47699364586 -18.75
-9.375 -1.10626410532 -21.875
-13.5 -0.880280964584 36.0
-13.5 -1.10626410532 31.5
-13.5 -1.47699364586 27.0
-13.5 -2.18465597663 22.5
-13.5 -4.0 18.0
-13.5 -16.4852813742 13.5
-13.5 0.307692307692 9.0
-13.5 0.4 4.5
-13.5 0.444444444444 -0.0
-13.5 0.4 -4.5
-13.5 0.307692307692 -9.0
-13.5 -16.4852813742 -13.5
-13.5 -4.0 -18.0
-13.5 -2.18465597663 -22.5
-13.5 -1.47699364586 -27.0
-13.5 -1.10626410532 -31.5
-18.375 -0.880280964584 49.0
-18.375 -1.10626410532 42.875
-18.375 -1.47699364586 36.75
-18.375 -2.18465597663 30.625
-18.375 -4.0 24.5
-18.375 -16.4852813742 18.375
-18.375 0.307692307692 12.25
-18.375 0.4 6.125
-18.375 0.444444444444 -0.0
-18.375 0.4 -6.125
-18.375 0.307692307692 -12.25
-18.375 -16.4852813742 -18.375
-18.375 -4.0 -24.5
-18.375 -2.18465597663 -30.625
-18.375 -1.47699364586 -36.75
-18.375 -1.10626410532 -42.875
32.0 -0.809016994375 -64.0
32.0 -0.984674101902 -56.0
32.0 -1.24567806121 -48.0
32.0 -1.66449987799 -40.0
32.0 -2.41421356237 -32.0
32.0 -4.0 -24.0
32.0 -8.472135955 -16.0
32.0 -32.4924225025 -8.0
32.0 0.25 0.0
32.0 -32.4924225025 8.0
32.0 -8.472135955 16.0
32.0 -4.0 24.0
32.0 -2.41421356237 32.0
32.0 -1.66449987799 40.0
32.0 -1.24567806121 48.0
32.0 -0.984674101902 56.0
24.5 -0.809016994375 -49.0
24.5 -0.984674101902 -42.875
24.5 -1.24567806121 -36.75
24.5 -1.66449987799 -30.625
24.5 -2.41421356237 -24.5
24.5 -4.0 -18.375
24.5 -8.472135955 -12.25
24.5 -32.4924225025 -6.125
24.5 0.25 0.0
24.5 -32.4924225025 6.125
24.5 -8.472135955 12.25
24.5 -4.0 18.375
24.5 -2.41421356237 24.5
24.5 -1.66449987799 30.625
24.5 -1.24567806121 36.75
24.5 -0.984674101902 42.875
18.0 -0.809016994375 -36.0
18.0 -0.984674101902 -31.5
18.0 -1.24567806121 -27.0
18.0 -1.66449987799 -22.5
18.0 -2.41421356237 -18.0
18.0 -4.0 -13.5
18.0 -8.472135955 -9.0
18.0 -32.4924225025 -4.5
18.0 0.25 0.0
18.0 -32.4924225025 4.5
18.0 -8.472135955 9.0
18.0 -4.0 13.5
18.0 -2.41421356237 18.0
18.0 -1.66449987799 22.5
18.0 -1.24567806121 27.0
18.0 -0.984674101902 31.5
12.5 -0.809016994375 -25.0
12.5 -0.984674101902 -21.875
12.5 -1.24567806121 -18.75
12.5 -1.66449987799 -15.625
12.5 -2.41421356237 -12.5
12.5 -4.0 -9.375
12.5 -8.472135955 -6.25
12.5 -32.4924225025 -3.125
12.5 0.25 0.0
12.5 -32.4924225025 3.125
12.5 -8.472135955 6.25
12.5 -4.0 9.375
12.5 -2.41421356237 12.5
12.5 -1.66449987799 15.625
12.5 -1.24567806121 18.75
12.5 -0.984674101902 21.875
8.0 -0.809016994375 -16.0
8.0 -0.984674101902 -14.0
8.0 -1.24567806121 -12.0
8.0 -1.66449987799 -10.0
8.0 -2.41421356237 -8.0
8.0 -4.0 -6.0
8.0 -8.472135955 -4.0
8.0 -32.4924225025 -2.0
8.0 0.25 0.0
8.0 -32.4924225025 2.0
8.0 -8.472135955 4.0
8.0 -4.0 6.0
8.0 -2.41421356237 8.0
8.0 -1.66449987799 10.0
8.0 -1.24567806121 12.0
8.0 -0.984674101902 14.0
4.5 -0.809016994375 -9.0
4.5 -0.984674101902 -7.875
4.5 -1.24567806121 -6.75
4.5 -1.66449987799 -5.625
4.5 -2.41421356237 -4.5
4.5 -4.0 -3.375
4.5 -8.472135955 -2.25
4.5 -32.4924225025 -1.125
4.5 0.25 0.0
4.5 -32.4924225025 1.125
4.5 -8.472135955 2.25
4.5 -4.0 3.375
4.5 -2.41421356237 4.5
4.5 -1.66449987799 5.625
4.5 -1.24567806121 6.75
4.5 -0.984674101902 7.875
2.0 -0.809016994375 -4.0
2.0 -0.984674101902 -3.5
2.0 -1.24567806121 -3.0
2.0 -1.66449987799 -2.5
2.0 -2.41421356237 -2.0
2.0 -4.0 -1.5
2.0 -8.472135955 -1.0
2.0 -32.4924225025 -0.5
2.0 0.25 0.0
2.0 -32.4924225025 0.5
2.0 -8.472135955 1.0
2.0 -4.0 1.5
2.0 -2.41421356237 2.0
2.0 -1.66449987799 2.5
2.0 -1.24567806121 3.0
2.0 -0.984674101902 3.5
0.5 -0.809016994375 -1.0
0.5 -0.984674101902 -0.875
0.5 -1.24567806121 -0.75
0.5 -1.66449987799 -0.625
0.5 -2.41421356237 -0.5
0.5 -4.0 -0.375
0.5 -8.472135955 -0.25
0.5 -32.4924225025 -0.125
0.5 0.25 0.0
0.5 -32.4924225025 0.125
0.5 -8.472135955 0.25
0.5 -4.0 0.375
0.5 -2.41421356237 0.5
0.5 -1.66449987799 0.625
0.5 -1.24567806121 0.75
0.5 -0.984674101902 0.875
0.0 -0.809016994375 -0.0
0.0 -0.984674101902 -0.0
0.0 -1.24567806121 -0.0
0.0 -1.66449987799 -0.0
0.0 -2.41421356237 -0.0
0.0 -4.0 -0.0
0.0 -8.472135955 -0.0
0.0 -32.4924225025 -0.0
0.0 0.25 0.0
0.0 -32.4924225025 0.0
0.0 -8.472135955 0.0
0.0 -4.0 0.0
0.0 -2.41421356237 0.0
0.0 -1.66449987799 0.0
0.0 -1.24567806121 0.0
0.0 -0.984674101902 0.0
-0.5 -0.809016994375 1.0
-0.5 -0.984674101902 0.875
-0.5 -1.24567806121 0.75
-0.5 -1.66449987799 0.625
-0.5 -2.41421356237 0.5
-0.5 -4.0 0.375
-0.5 -8.472135955 0.25
-0.5 -32.4924225025 0.125
-0.5 0.25 -0.0
-0.5 -32.4924225025 -0.125
-0.5 -8.472135955 -0.25
-0.5 -4.0 -0.375
-0.5 -2.41421356237 -0.5
-0.5 -1.66449987799 -0.625
-0.5 -1.24567806121 -0.75
-0.5 -0.984674101902 -0.875
-2.0 -0.809016994375 4.0
-2.0 -0.984674101902 3.5
-2.0 -1.24567806121 3.0
-2.0 -1.66449987799 2.5
-2.0 -2.41421356237 2.0
-2.0 -4.0 1.5
-2.0 -8.472135955 1.0
-2.0 -32.4924225025 0.5
-2.0 0.25 -0.0
-2.0 -32.4924225025 -0.5
-2.0 -8.472135955 -1.0
-2.0 -4.0 -1.5
-2.0 -2.41421356237 -2.0
-2.0 -1.66449987799 -2.5
-2.0 -1.24567806121 -3.0
-2.0 -0.984674101902 -3.5
-4.5 -0.809016994375 9.0
-4.5 -0.984674101902 7.875
-4.5 -1.24567806121 6.75
-4.5 -1.66449987799 5.625
-4.5 -2.41421356237 4.5
-4.5 -4.0 3.375
-4.5 -8.472135955 2.25
-4.5 -32.4924225025 1.125
-4.5 0.25 -0.0
-4.5 -32.4924225025 -1.125
-4.5 -8.472135955 -2.25
-4.5 -4.0 -3.375
-4.5 -2.41421356237 -4.5
-4.5 -1.66449987799 -5.625
-4.5 -1.24567806121 -6.75
-4.5 -0.984674101902 -7.875
-8.0 -0.809016994375 16.0
-8.0 -0.984674101902 14.0
-8.0 -1.24567806121 12.0
-8.0 -1.66449987799 10.0
-8.0 -2.41421356237 8.0
-8.0 -4.0 6.0
-8.0 -8.472135955 4.0
-8.0 -32.4924225025 2.0
-8.0 0.25 -0.0
-8.0 -32.4924225025 -2.0
-8.0 -8.472135955 -4.0
-8.0 -4.0 -6.0
-8.0 -2.41421356237 -8.0
-8.0 -1.66449987799 -10.0
-8.0 -1.24567806121 -12.0
-8.0 -0.984674101902 -14.0
-12.5 -0.809016994375 25.0
-12.5 -0.984674101902 21.875
-12.5 -1.24567806121 18.75
-12.5 -1.66449987799 15.625
-12.5 -2.41421356237 12.5
-12.5 -4.0 9.375
-12.5 -8.472135955 6.25
-12.5 -32.4924225025 3.125
-12.5 0.25 -0.0
-12.5 -32.4924225025 -3.125
-12.5 -8.472135955 -6.25
-12.5 -4.0 -9.375
-12.5 -2.41421356237 -12.5
-12.5 -1.66449987799 -15.625
-12.5 -1.24567806121 -18.75
-12.5 -0.984674101902 -21.875
-18.0 -0.809016994375 36.0
-18.0 -0.984674101902 31.5
-18.0 -1.24567806121 27.0
-18.0 -1.66449987799 22.5
-18.0 -2.41421356237 18.0
-18.0 -4.0 13.5
-18.0 -8.472135955 9.0
-18.0 -32.4924225025 4.5
-18.0 0.25 -0.0
-18.0 -32.4924225025 -4.5
-18.0 -8.472135955 -9.0
-18.0 -4.0 -13.5
-18.0 -2.41421356237 -18.0
-18.0 -1.66449987799 -22.5
-18.0 -1.24567806121 -27.0
-18.0 -0.984674101902 -31.5
-24.5 -0.809016994375 49.0
-24.5 -0.984674101902 42.875
-24.5 -1.24567806121 36.75
-24.5 -1.66449987799 30.625
-24.5 -2.41421356237 24.5
-24.5 -4.0 18.375
-24.5 -8.472135955 12.25
-24.5 -32.4924225025 6.125
-24.5 0.25 -0.0
-24.5 -32.4924225025 -6.125
-24.5 -8.472135955 -12.25
-24.5 -4.0 -18.375
-24.5 -2.41421356237 -24.5
-24.5 -1.66449987799 -30.625
-24.5 -1.24567806121 -36.75
-24.5 -0.984674101902 -42.875
40.0 -0.736108555181 -64.0
40.0 -0.869125880486 -56.0
40.0 -1.04979997119 -48.0
40.0 -1.3024785661 -40.0
40.0 -1.66449987799 -32.0
40.0 -2.18465597663 -24.0
40.0 -2.88774301758 -16.0
40.0 -3.63960780544 -8.0
40.0 -4.0 0.0
40.0 -3.63960780544 8.0
40.0 -2.88774301758 16.0
40.0 -2.18465597663 24.0
40.0 -1.66449987799 32.0
40.0 -1.3024785661 40.0
40.0 -1.04979997119 48.0
40.0 -0.869125880486 56.0
30.625 -0.736108555181 -49.0
30.625 -0.869125880486 -42.875
30.625 -1.04979997119 -36.75
30.625 -1.3024785661 -30.625
30.625 -1.66449987799 -24.5
30.625 -2.18465597663 -18.375
30.625 -2.88774301758 -12.25
30.625 -3.63960780544 -6.125
30.625 -4.0 0.0
30.625 -3.63960780544 6.125
30.625 -2.88774301758 12.25
30.625 -2.18465597663 18.375
30.625 -1.66449987799 24.5
30.625 -1.3024785661 30.625
30.625 -1.04979997119 36.75
30.625 -0.869125880486 42.875
22.5 -0.736108555181 -36.0
22.5 -0.869125880486 -31.5
22.5 -1.04979997119 -27.0
22.5 -1.3024785661 -22.5
22.5 -1.66449987799 -18.0
22.5 -2.18465597663 -13.5
22.5 -2.88774301758 -9.0
22.5 -3.63960780544 -4.5
22.5 -4.0 0.0
22.5 -3.63960780544 4.5
22.5 -2.88774301758 9.0
22.5 -2.18465597663 13.5
22.5 -1.66449987799 18.0
22.5 -1.3024785661 22.5
22.5 -1.04979997119 27.0
22.5 -0.869125880486 31.5
15.625 -0.736108555181 -25.0
15.625 -0.869125880486 -21.875
15.625 -1.04979997119 -18.75
15.625 -1.3024785661 -15.625
15.625 -1.66449987799 -12.5
15.625 -2.18465597663 -9.375
15.625 -2.88774301758 -6.25
15.625 -3.63960780544 -3.125
15.625 -4.0 0.0
15.625 -3.63960780544 3.125
15.625 -2.88774301758 6.25
15.625 -2.18465597663 9.375
15.625 -1.66449987799 12.5
15.625 -1.3024785661 15.625
15.625 -1.04979997119 18.75
15.625 -0.869125880486 21.875
10.0 -0.736108555181 -16.0
10.0 -0.869125880486 -14.0
10.0 -1.04979997119 -12.0
10.0 -1.3024785661 -10.0
10.0 -1.66449987799 -8.0
10.0 -2.18465597663 -6.0
10.0 -2.88774301758 -4.0
10.0 -3.63960780544 -2.0
10.0 -4.0 0.0
10.0 -3.63960780544 2.0
10.0 -2.88774301758 4.0
10.0 -2.18465597663 6.0
10.0 -1.66449987799 8.0
10.0 -1.3024785661 10.0
10.0 -1.04979997119 12.0
10.0 -0.869125880486 14.0
5.625 -0.736108555181 -9.0
5.625 -0.869125880486 -7.875
5.625 -1.04979997119 -6.75
5.625 -1.3024785661 -5.625
5.625 -1.66449987799 -4.5
5.625 -2.18465597663 -3.375
5.625 -2.88774301758 -2.25
5.625 -3.63960780544 -1.125
5.625 -4.0 0.0
5.625 -3.63960780544 1.125
5.625 -2.88774301758 2.25
5.625 -2.18465597663 3.375
5.625 -1.66449987799 4.5
5.625 -1.3024785661 5.625
5.625 -1.04979997119 6.75
5.625 -0.869125880486 7.875
2.5 -0.736108555181 -4.0
2.5 -0.869125880486 -3.5
2.5 -1.04979997119 -3.0
2.5 -1.3024785661 -2.5
2.5 -1.66449987799 -2.0
2.5 -2.18465597663 -1.5
2.5 -2.88774301758 -1.0
2.5 -3.63960780544 -0.5
2.5 -4.0 0.0
2.5 -3.63960780544 0.5
2.5 -2.88774301758 1.0
2.5 -2.18465597663 1.5
2.5 -1.66449987799 2.0
2.5 -1.3024785661 2.5
2.5 -1.04979997119 3.0
2.5 -0.869125880486 3.5
0.625 -0.736108555181 -1.0
0.625 -0.869125880486 -0.875
0.625 -1.04979997119 -0.75
0.625 -1.3024785661 -0.625
0.625 -1.66449987799 -0.5
0.625 -2.18465597663 -0.375
0.625 -2.88774301758 -0.25
0.625 -3.63960780544 -0.125
0.625 -4.0 0.0
0.625 -3.63960780544 0.125
0.625 -2.88774301758 0.25
0.625 -2.18465597663 0.375
0.625 -1.66449987799 0.5
0.625 -1.3024785661 0.625
0.625 -1.04979997119 0.75
0.625 -0.869125880486 0.875
0.0 -0.736108555181 -0.0
0.0 -0.869125880486 -0.0
0.0 -1.04979997119 -0.0
0.0 -1.3024785661 -0.0
0.0 -1.66449987799 -0.0
0.0 -2.18465597663 -0.0
0.0 -2.88774301758 -0.0
0.0 -3.63960780544 -0.0
0.0 -4.0 0.0
0.0 -3.63960780544 0.0
0.0 -2.88774301758 0.0
0.0 -2.18465597663 0.0
0.0 -1.66449987799 0.0
0.0 -1.3024785661 0.0
0.0 -1.04979997119 0.0
0.0 -0.869125880486 0.0
-0.625 -0.736108555181 1.0
-0.625 -0.869125880486 0.875
-0.625 -1.04979997119 0.75
-0.625 -1.3024785661 0.625
-0.625 -1.66449987799 0.5
-0.625 -2.18465597663 0.375
-0.625 -2.88774301758 0.25
-0.625 -3.63960780544 0.125
-0.625 -4.0 -0.0
-0.625 -3.63960780544 -0.125
-0.625 -2.88774301758 -0.25
-0.625 -2.18465597663 -0.375
-0.625 -1.66449987799 -0.5
-0.625 -1.3024785661 -0.625
-0.625 -1.04979997119 -0.75
-0.625 -0.869125880486 -0.875
-2.5 -0.736108555181 4.0
-2.5 -0.869125880486 3.5
-2.5 -1.04979997119 3.0
-2.5 -1.3024785661 2.5
-2.5 -1.66449987799 2.0
-2.5 -2.18465597663 1.5
-2.5 -2.88774301758 1.0
-2.5 -3.63960780544 0.5
-2.5 -4.0 -0.0
-2.5 -3.63960780544 -0.5
-2.5 -2.88774301758 -1.0
-2.5 -2.18465597663 -1.5
-2.5 -1.66449987799 -2.0
-2.5 -1.3024785661 -2.5
-2.5 -1.04979997119 -3.0
-2.5 -0.869125880486 -3.5
-5.625 -0.736108555181 9.0
-5.625 -0.869125880486 7.875
-5.625 -1.04979997119 6.75
-5.625 -1.3024785661 5.625
-5.625 -1.66449987799 4.5
-5.625 -2.18465597663 3.375
-5.625 -2.88774301758 2.25
-5.625 -3.63960780544 1.125
-5.625 -4.0 -0.0
-5.625 -3.63960780544 -1.125
-5.625 -2.88774301758 -2.25
-5.625 -2.18465597663 -3.375
-5.625 -1.66449987799 -4.5
-5.625 -1.3024785661 -5.625
-5.625 -1.04979997119 -6.75
-5.625 -0.869125880486 -7.875
-10.0 -0.736108555181 16.0
-10.0 -0.869125880486 14.0
-10.0 -1.04979997119 12.0
-10.0 -1.3024785661 10.0
-10.0 -1.66449987799 8.0
-10.0 -2.18465597663 6.0
-10.0 -2.88774301758 4.0
-10.0 -3.63960780544 2.0
-10.0 -4.0 -0.0
-10.0 -3.63960780544 -2.0
-10.0 -2.88774301758 -4.0
-10.0 -2.18465597663 -6.0
-10.0 -1.66449987799 -8.0
-10.0 -1.3024785661 -10.0
-10.0 -1.04979997119 -12.0
-10.0 -0.869125880486 -14.0
-15.625 -0.736108555181 25.0
-15.625 -0.869125880486 21.875
-15.625 -1.04979997119 18.75
-15.625 -1.3024785661 15.625
-15.625 -1.66449987799 12.5
-15.625 -2.18465597663 9.375
-15.625 -2.88774301758 6.25
-15.625 -3.63960780544 3.125
-15.625 -4.0 -0.0
-15.625 -3.63960780544 -3.125
-15.625 -2.88774301758 -6.25
-15.625 -2.18465597663 -9.375
-15.625 -1.66449987799 -12.5
-15.625 -1.3024785661 -15.625
-15.625 -1.04979997119 -18.75
-15.625 -0.869125880486 -21.875
-22.5 -0.736108555181 36.0
-22.5 -0.869125880486 31.5
-22.5 -1.04979997119 27.0
-22.5 -1.3024785661 22.5
-22.5 -1.66449987799 18.0
-22.5 -2.18465597663 13.5
-22.5 -2.88774301758 9.0
-22.5 -3.63960780544 4.5
-22.5 -4.0 -0.0
-22.5 -3.63960780544 -4.5
-22.5 -2.88774301758 -9.0
-22.5 -2.18465597663 -13.5
-22.5 -1.66449987799 -18.0
-22.5 -1.3024785661 -22.5
-22.5 -1.04979997119 -27.0
-22.5 -0.869125880486 -31.5
-30.625 -0.736108555181 49.0
-30.625 -0.869125880486 42.875
-30.625 -1.04979997119 36.75
-30.625 -1.3024785661 30.625
-30.625 -1.66449987799 24.5
-30.625 -2.18465597663 18.375
-30.625 -2.88774301758 12.25
-30.625 -3.63960780544 6.125
-30.625 -4.0 -0.0
-30.625 -3.63960780544 -6.125
-30.625 -2.88774301758 -12.25
-30.625 -2.18465597663 -18.375
-30.625 -1.66449987799 -24.5
-30.625 -1.3024785661 -30.625
-30.625 -1.04979997119 -36.75
-30.625 -0.869125880486 -42.875
48.0 -0.666666666667 -64.0
48.0 -0.766350403321 -56.0
48.0 -0.891805812446 -48.0
48.0 -1.04979997119 -40.0
48.0 -1.24567806121 -32.0
48.0 -1.47699364586 -24.0
48.0 -1.72075922006 -16.0
48.0 -1.92052619625 -8.0
48.0 -2.0 0.0
48.0 -1.92052619625 8.0
48.0 -1.72075922006 16.0
48.0 -1.47699364586 24.0
48.0 -1.24567806121 32.0
48.0 -1.04979997119 40.0
48.0 -0.891805812446 48.0
48.0 -0.766350403321 56.0
36.75 -0.666666666667 -49.0
36.75 -0.766350403321 -42.875
36.75 -0.891805812446 -36.75
36.75 -1.04979997119 -30.625
36.75 -1.24567806121 -24.5
36.75 -1.47699364586 -18.375
36.75 -1.72075922006 -12.25
36.75 -1.92052619625 -6.125
36.75 -2.0 0.0
36.75 -1.92052619625 6.125
36.75 -1.72075922006 12.25
36.75 -1.47699364586 18.375
36.75 -1.24567806121 24.5
36.75 -1.04979997119 30.625
36.75 -0.891805812446 36.75
36.75 -0.766350403321 42.875
27.0 -0.666666666667 -36.0
27.0 -0.766350403321 -31.5
27.0 -0.891805812446 -27.0
27.0 -1.04979997119 -22.5
27.0 -1.24567806121 -18.0
27.0 -1.47699364586 -13.5
27.0 -1.72075922006 -9.0
27.0 -1.92052619625 -4.5
27.0 -2.0 0.0
27.0 -1.92052619625 4.5
27.0 -1.72075922006 9.0
27.0 -1.47699364586 13.5
27.0 -1.24567806121 18.0
27.0 -1.04979997119 22.5
27.0 -0.891805812446 27.0
27.0 -0.766350403321 31.5
18.75 -0.666666666667 -25.0
18.75 -0.766350403321 -21.875
18.75 -0.891805812446 -18.75
18.75 -1.04979997119 -15.625
18.75 -1.24567806121 -12.5
18.75 -1.47699364586 -9.375
18.75 -1.72075922006 -6.25
18.75 -1.92052619625 -3.125
18.75 -2.0 0.0
18.75 -1.92052619625 3.125
18.75 -1.72075922006 6.25
18.75 -1.47699364586 9.375
18.75 -1.24567806121 12.5
18.75 -1.04979997119 15.625
18.75 -0.891805812446 18.75
18.75 -0.766350403321 21.875
12.0 -0.666666666667 -16.0
12.0 -0.766350403321 -14.0
12.0 -0.891805812446 -12.0
12.0 -1.04979997119 -10.0
12.0 -1.24567806121 -8.0
12.0 -1.47699364586 -6.0
12.0 -1.72075922006 -4.0
12.0 -1.92052619625 -2.0
12.0 -2.0 0.0
12.0 -1.92052619625 2.0
12.0 -1.72075922006 4.0
12.0 -1.47699364586 6.0
12.0 -1.24567806121 8.0
12.0 -1.04979997119 10.0
12.0 -0.891805812446 12.0
12.0 -0.766350403321 14.0
6.75 -0.666666666667 -9.0
6.75 -0.766350403321 -7.875
6.75 -0.891805812446 -6.75
6.75 -1.04979997119 -5.625
6.75 -1.24567806121 -4.5
6.75 -1.47699364586 -3.375
6.75 -1.72075922006 -2.25
6.75 -1.92052619625 -1.125
6.75 -2.0 0.0
6.75 -1.92052619625 1.125
6.75 -1.72075922006 2.25
6.75 -1.47699364586 3.375
6.75 -1.24567806121 4.5
6.75 -1.04979997119 5.625
6.75 -0.891805812446 6.75
6.75 -0.766350403321 7.875
3.0 -0.666666666667 -4.0
3.0 -0.766350403321 -3.5
3.0 -0.891805812446 -3.0
3.0 -1.04979997119 -2.5
3.0 -1.24567806121 -2.0
3.0 -1.47699364586 -1.5
3.0 -1.72075922006 -1.0
3.0 -1.92052619625 -0.5
3.0 -2.0 0.0
3.0 -1.92052619625 0.5
3.0 -1.72075922006 1.0
3.0 -1.47699364586 1.5
3.0 -1.24567806121 2.0
3.0 -1.04979997119 2.5
3.0 -0.891805812446 3.0
3.0 -0.766350403321 3.5
0.75 -0.666666666667 -1.0
0.75 -0.766350403321 -0.875
0.75 -0.891805812446 -0.75
0.75 -1.04979997119 -0.625
0.75 -1.24567806121 -0.5
0.75 -1.47699364586 -0.375
0.75 -1.72075922006 -0.25
0.75 -1.92052619625 -0.125
0.75 -2.0 0.0
0.75 -1.92052619625 0.125
0.75 -1.72075922006 0.25
0.75 -1.47699364586 0.375
0.75 -1.24567806121 0.5
0.75 -1.04979997119 0.625
0.75 -0.891805812446 0.75
0.75 -0.766350403321 0.875
0.0 -0.666666666667 -0.0
0.0 -0.766350403321 -0.0
0.0 -0.891805812446 -0.0
0.0 -1.04979997119 -0.0
0.0 -1.24567806121 -0.0
0.0 -1.47699364586 -0.0
0.0 -1.72075922006 -0.0
0.0 -1.92052619625 -0.0
0.0 -2.0 0.0
0.0 -1.92052619625 0.0
0.0 -1.72075922006 0.0
0.0 -1.47699364586 0.0
0.0 -1.24567806121 0.0
0.0 -1.04979997119 0.0
0.0 -0.891805812446 0.0
0.0 -0.766350403321 0.0
-0.75 -0.666666666667 1.0
-0.75 -0.766350403321 0.875
-0.75 -0.891805812446 0.75
-0.75 -1.04979997119 0.625
-0.75 -1.24567806121 0.5
-0.75 -1.47699364586 0.375
-0.75 -1.72075922006 0.25
-0.75 -1.92052619625 0.125
-0.75 -2.0 -0.0
-0.75 -1.92052619625 -0.125
-0.75 -1.72075922006 -0.25
-0.75 -1.47699364586 -0.375
-0.75 -1.24567806121 -0.5
-0.75 -1.04979997119 -0.625
-0.75 -0.891805812446 -0.75
-0.75 -0.766350403321 -0.875
-3.0 -0.666666666667 4.0
-3.0 -0.766350403321 3.5
-3.0 -0.891805812446 3.0
-3.0 -1.04979997119 2.5
-3.0 -1.24567806121 2.0
-3.0 -1.47699364586 1.5
-3.0 -1.72075922006 1.0
-3.0 -1.92052619625 0.5
-3.0 -2.0 -0.0
-3.0 -1.92052619625 -0.5
-3.0 -1.72075922006 -1.0
-3.0 -1.47699364586 -1.5
-3.0 -1.24567806121 -2.0
-3.0 -1.04979997119 -2.5
-3.0 -0.891805812446 -3.0
-3.0 -0.766350403321 -3.5
-6.75 -0.666666666667 9.0
-6.75 -0.766350403321 7.875
-6.75 -0.891805812446 6.75
-6.75 -1.04979997119 5.625
-6.75 -1.24567806121 4.5
-6.75 -1.47699364586 3.375
-6.75 -1.72075922006 2.25
-6.75 -1.92052619625 1.125
-6.75 -2.0 -0.0
-6.75 -1.92052619625 -1.125
-6.75 -1.72075922006 -2.25
-6.75 -1.47699364586 -3.375
-6.75 -1.24567806121 -4.5
-6.75 -1.04979997119 -5.625
-6.75 -0.891805812446 -6.75
-6.75 -0.766350403321 -7.875
-12.0 -0.666666666667 16.0
-12.0 -0.766350403321 14.0
-12.0 -0.891805812446 12.0
-12.0 -1.04979997119 10.0
-12.0 -1.24567806121 8.0
-12.0 -1.47699364586 6.0
-12.0 -1.72075922006 4.0
-12.0 -1.92052619625 2.0
-12.0 -2.0 -0.0
-12.0 -1.92052619625 -2.0
-12.0 -1.72075922006 -4.0
-12.0 -1.47699364586 -6.0
-12.0 -1.24567806121 -8.0
-12.0 -1.04979997119 -10.0
-12.0 -0.891805812446 -12.0
-12.0 -0.766350403321 -14.0
-18.75 -0.666666666667 25.0
-18.75 -0.766350403321 21.875
-18.75 -0.891805812446 18.75
-18.75 -1.04979997119 15.625
-18.75 -1.24567806121 12.5
-18.75 -1.47699364586 9.375
-18.75 -1.72075922006 6.25
-18.75 -1.92052619625 3.125
-18.75 -2.0 -0.0
-18.75 -1.92052619625 -3.125
-18.75 -1.72075922006 -6.25
-18.75 -1.47699364586 -9.375
-18.75 -1.24567806121 -12.5
-18.75 -1.04979997119 -15.625
-18.75 -0.891805812446 -18.75
-18.75 -0.766350403321 -21.875
-27.0 -0.666666666667 36.0
-27.0 -0.766350403321 31.5
-27.0 -0.891805812446 27.0
-27.0 -1.04979997119 22.5
-27.0 -1.24567806121 18.0
-27.0 -1.47699364586 13.5
-27.0 -1.72075922006 9.0
-27.0 -1.92052619625 4.5
-27.0 -2.0 -0.0
-27.0 -1.92052619625 -4.5
-27.0 -1.72075922006 -9.0
-27.0 -1.47699364586 -13.5
-27.0 -1.24567806121 -18.0
-27.0 -1.04979997119 -22.5
-27.0 -0.891805812446 -27.0
-27.0 -0.766350403321 -31.5
-36.75 -0.666666666667 49.0
-36.75 -0.766350403321 42.875
-36.75 -0.891805812446 36.75
-36.75 -1.04979997119 30.625
-36.75 -1.24567806121 24.5
-36.75 -1.47699364586 18.375
-36.75 -1.72075922006 12.25
-36.75 -1.92052619625 6.125
-36.75 -2.0 -0.0
-36.75 -1.92052619625 -6.125
-36.75 -1.72075922006 -12.25
-36.75 -1.47699364586 -18.375
-36.75 -1.24567806121 -24.5
-36.75 -1.04979997119 -30.625
-36.75 -0.891805812446 -36.75
-36.75 -0.766350403321 -42.875
56.0 -0.603304981968 -64.0
56.0 -0.678024143249 -56.0
56.0 -0.766350403321 -48.0
56.0 -0.869125880486 -40.0
56.0 -0.984674101902 -32.0
56.0 -1.10626410532 -24.0
56.0 -1.21947133938 -16.0
56.0 -1.3024785661 -8.0
56.0 -1.33333333333 0.0
56.0 -1.3024785661 8.0
56.0 -1.21947133938 16.0
56.0 -1.10626410532 24.0
56.0 -0.984674101902 32.0
56.0 -0.869125880486 40.0
56.0 -0.766350403321 48.0
56.0 -0.678024143249 56.0
42.875 -0.603304981968 -49.0
42.875 -0.678024143249 -42.875
42.875 -0.766350403321 -36.75
42.875 -0.869125880486 -30.625
42.875 -0.984674101902 -24.5
42.875 -1.10626410532 -18.375
42.875 -1.21947133938 -12.25
42.875 -1.3024785661 -6.125
42.875 -1.33333333333 0.0
42.875 -1.3024785661 6.125
42.875 -1.21947133938 12.25
42.875 -1.10626410532 18.375
42.875 -0.984674101902 24.5
42.875 -0.869125880486 30.625
42.875 -0.766350403321 36.75
42.875 -0.678024143249 42.875
31.5 -0.603304981968 -36.0
31.5 -0.678024143249 -31.5
31.5 -0.766350403321 -27.0
31.5 -0.869125880486 -22.5
31.5 -0.984674101902 -18.0
31.5 -1.10626410532 -13.5
31.5 -1.21947133938 -9.0
31.5 -1.3024785661 -4.5
31.5 -1.33333333333 0.0
31.5 -1.3024785661 4.5
31.5 -1.21947133938 9.0
31.5 -1.10626410532 13.5
31.5 -0.984674101902 18.0
31.5 -0.869125880486 22.5
31.5 -0.766350403321 27.0
31.5 -0.678024143249 31.5
21.875 -0.603304981968 -25.0
21.875 -0.678024143249 -21.875
21.875 -0.766350403321 -18.75
21.875 -0.869125880486 -15.625
21.875 -0.984674101902 -12.5
21.875 -1.10626410532 -9.375
21.875 -1.21947133938 -6.25
21.875 -1.3024785661 -3.125
21.875 -1.33333333333 0.0
21.875 -1.3024785661 3.125
21.875 -1.21947133938 6.25
21.875 -1.10626410532 9.375
21.875 -0.984674101902 12.5
21.875 -0.869125880486 15.625
21.875 -0.766350403321 18.75
21.875 -0.678024143249 21.875
14.0 -0.603304981968 -16.0
14.0 -0.678024143249 -14.0
14.0 -0.766350403321 -12.0
14.0 -0.869125880486 -10.0
14.0 -0.984674101902 -8.0
14.0 -1.10626410532 -6.0
14.0 -1.21947133938 -4.0
14.0 -1.3024785661 -2.0
14.0 -1.33333333333 0.0
14.0 -1.3024785661 2.0
14.0 -1.21947133938 4.0
14.0 -1.10626410532 6.0
14.0 -0.984674101902 8.0
14.0 -0.869125880486 10.0
14.0 -0.766350403321 12.0
14.0 -0.678024143249 14.0
7.875 -0.603304981968 -9.0
7.875 -0.678024143249 -7.875
7.875 -0.766350403321 -6.75
7.875 -0.869125880486 -5.625
7.875 -0.984674101902 -4.5
7.875 -1.10626410532 -3.375
7.875 -1.21947133938 -2.25
7.875 -1.3024785661 -1.125
7.875 -1.33333333333 0.0
7.875 -1.3024785661 1.125
7.875 -1.21947133938 2.25
7.875 -1.10626410532 3.375
7.875 -0.984674101902 4.5
7.875 -0.869125880486 5.625
7.875 -0.766350403321 6.75
7.875 -0.678024143249 7.875
3.5 -0.603304981968 -4.0
3.5 -0.678024143249 -3.5
3.5 -0.766350403321 -3.0
3.5 -0.869125880486 -2.5
3.5 -0.984674101902 -2.0
3.5 -1.10626410532 -1.5
3.5 -1.21947133938 -1.0
3.5 -1.3024785661 -0.5
3.5 -1.33333333333 0.0
3.5 -1.3024785661 0.5
3.5 -1.21947133938 1.0
3.5 -1.10626410532 1.5
3.5 -0.984674101902 2.0
3.5 -0.869125880486 2.5
3.5 -0.766350403321 3.0
3.5 -0.678024143249 3.5
0.875 -0.603304981968 -1.0
0.875 -0.678024143249 -0.875
0.875 -0.766350403321 -0.75
0.875 -0.869125880486 -0.625
0.875 -0.984674101902 -0.5
0.875 -1.10626410532 -0.375
0.875 -1.21947133938 -0.25
0.875 -1.3024785661 -0.125
0.875 -1.33333333333 0.0
0.875 -1.3024785661 0.125
0.875 -1.21947133938 0.25
0.875 -1.10626410532 0.375
0.875 -0.984674101902 0.5
0.875 -0.869125880486 0.625
0.875 -0.766350403321 0.75
0.875 -0.678024143249 0.875
0.0 -0.603304981968 -0.0
0.0 -0.678024143249 -0.0
0.0 -0.766350403321 -0.0
0.0 -0.869125880486 -0.0
0.0 -0.984674101902 -0.0
0.0 -1.10626410532 -0.0
0.0 -1.21947133938 -0.0
0.0 -1.3024785661 -0.0
0.0 -1.33333333333 0.0
0.0 -1.3024785661 0.0
0.0 -1.21947133938 0.0
0.0 -1.10626410532 0.0
0.0 -0.984674101902 0.0
0.0 -0.869125880486 0.0
0.0 -0.766350403321 0.0
0.0 -0.678024143249 0.0
-0.875 -0.603304981968 1.0
-0.875 -0.678024143249 0.875
-0.875 -0.766350403321 0.75
-0.875 -0.869125880486 0.625
-0.875 -0.984674101902 0.5
-0.875 -1.10626410532 0.375
-0.875 -1.21947133938 0.25
-0.875 -1.3024785661 0.125
-0.875 -1.33333333333 -0.0
-0.875 -1.3024785661 -0.125
-0.875 -1.21947133938 -0.25
-0.875 -1.10626410532 -0.375
-0.875 -0.984674101902 -0.5
-0.875 -0.869125880486 -0.625
-0.875 -0.766350403321 -0.75
-0.875 -0.678024143249 -0.875
-3.5 -0.603304981968 4.0
-3.5 -0.678024143249 3.5
-3.5 -0.766350403321 3.0
-3.5 -0.869125880486 2.5
-3.5 -0.984674101902 2.0
-3.5 -1.10626410532 1.5
-3.5 -1.21947133938 1.0
-3.5 -1.3024785661 0.5
-3.5 -1.33333333333 -0.0
-3.5 -1.3024785661 -0.5
-3.5 -1.21947133938 -1.0
-3.5 -1.10626410532 -1.5
-3.5 -0.984674101902 -2.0
-3.5 -0.869125880486 -2.5
-3.5 -0.766350403321 -3.0
-3.5 -0.678024143249 -3.5
-7.875 -0.603304981968 9.0
-7.875 -0.678024143249 7.875
-7.875 -0.766350403321 6.75
-7.875 -0.869125880486 5.625
-7.875 -0.984674101902 4.5
-7.875 -1.10626410532 3.375
-7.875 -1.21947133938 2.25
-7.875 -1.3024785661 1.125
-7.875 -1.33333333333 -0.0
-7.875 -1.3024785661 -1.125
-7.875 -1.21947133938 -2.25
-7.875 -1.10626410532 -3.375
-7.875 -0.984674101902 -4.5
-7.875 -0.869125880486 -5.625
-7.875 -0.766350403321 -6.75
-7.875 -0.678024143249 -7.875
-14.0 -0.603304981968 16.0
-14.0 -0.678024143249 14.0
-14.0 -0.766350403321 12.0
-14.0 -0.869125880486 10.0
-14.0 -0.984674101902 8.0
-14.0 -1.10626410532 6.0
-14.0 -1.21947133938 4.0
-14.0 -1.3024785661 2.0
-14.0 -1.33333333333 -0.0
-14.0 -1.3024785661 -2.0
-14.0 -1.21947133938 -4.0
-14.0 -1.10626410532 -6.0
-14.0 -0.984674101902 -8.0
-14.0 -0.869125880486 -10.0
-14.0 -0.766350403321 -12.0
-14.0 -0.678024143249 -14.0
-21.875 -0.603304981968 25.0
-21.875 -0.678024143249 21.875
-21.875 -0.766350403321 18.75
-21.875 -0.869125880486 15.625
-21.875 -0.984674101902 12.5
-21.875 -1.10626410532 9.375
-21.875 -1.21947133938 6.25
-21.875 -1.3024785661 3.125
-21.875 -1.33333333333 -0.0
-21.875 -1.3024785661 -3.125
-21.875 -1.21947133938 -6.25
-21.875 -1.10626410532 -9.375
-21.875 -0.984674101902 -12.5
-21.875 -0.869125880486 -15.625
-21.875 -0.766350403321 -18.75
-21.875 -0.678024143249 -21.875
-31.5 -0.603304981968 36.0
-31.5 -0.678024143249 31.5
-31.5 -0.766350403321 27.0
-31.5 -0.869125880486 22.5
-31.5 -0.984674101902 18.0
-31.5 -1.10626410532 13.5
-31.5 -1.21947133938 9.0
-31.5 -1.3024785661 4.5
-31.5 -1.33333333333 -0.0
-31.5 -1.3024785661 -4.5
-31.5 -1.21947133938 -9.0
-31.5 -1.10626410532 -13.5
-31.5 -0.984674101902 -18.0
-31.5 -0.869125880486 -22.5
-31.5 -0.766350403321 -27.0
-31.5 -0.678024143249 -31.5
-42.875 -0.603304981968 49.0
-42.875 -0.678024143249 42.875
-42.875 -0.766350403321 36.75
-42.875 -0.869125880486 30.625
-42.875 -0.984674101902 24.5
-42.875 -1.10626410532 18.375
-42.875 -1.21947133938 12.25
-42.875 -1.3024785661 6.125
-42.875 -1.33333333333 -0.0
-42.875 -1.3024785661 -6.125
-42.875 -1.21947133938 -12.25
-42.875 -1.10626410532 -18.375
-42.875 -0.984674101902 -24.5
-42.875 -0.869125880486 -30.625
-42.875 -0.766350403321 -36.75
-42.875 -0.678024143249 -42.875
